P0866 0.0736 705.0881 222.3499 1002.1176 452.1905 616.4429 950.609 319.4134 720.7685
P0866 0.0524 479.3581 284.6125 616.0822 381.9157 371.363 725.779 234.639 628.4759
P2715 0.1124 2299.4557 1870.6503 2321.1168 1867.478 2326.7619 1906.0239000000001 2305.1009 1909.1961999999999
P2715 0.0777 481.7349 1432.5333 504.4127 1432.4749 504.5124 1471.2179 481.8346 1471.2762
P2715 0.0686 737.4797 2087.1721 771.1444 2058.268 785.048 2074.4616 751.3833 2103.3657
P2715 0.0655 934.5652 152.5758 956.8585 156.4064 948.2772 206.348 925.9838 202.5174
P2715 0.0581 3266.7567 1137.7114000000001 3281.7279 1136.9354 3282.8746 1159.0587 3267.9034 1159.8346999999999
P2715 0.0546 2738.6019 42.9038 2758.9705 56.8378 2734.4404 92.6959 2714.0717 78.7619
P1153 0.3227 236.5279 1700.1675 353.9626 1635.8467 433.5202 1781.1 316.0855 1845.4209
P1153 0.1894 1640.6426999999999 2124.9338 1763.9902 2016.0475000000001 1829.8053 2090.6035 1706.4578000000001 2199.4898
P1153 0.0701 2124.6125 1658.2827 2247.045 1652.4963 2256.2534 1847.3348 2133.821 1853.1212
P1153 0.0615 20.8958 3144.8321 126.0928 3101.5719 188.5419 3253.4313 83.3449 3296.6915
P2069 0.0962 728.1884 1048.7098 826.1564 1056.0272 822.9435 1099.0432 724.9754 1091.7258000000002
P1774 0.0985 4570.583 1641.8556 4674.5485 1674.3507 4621.1321 1845.2523 4517.1666000000005 1812.7572
P1774 0.075 4700.7946 1631.4360000000001 4809.6998 1656.454 4762.4782 1862.0126 4653.573 1836.9946
P1774 0.0632 3068.5321 1257.2307 3214.5359 1330.7885 3092.3937 1573.2267000000002 2946.3899 1499.6688
P1774 0.0558 4276.2157 1480.598 4406.0831 1516.5991 4328.2576 1797.3402999999998 4198.3902 1761.3392
P1774 0.0528 4026.0986000000003 1415.7723 4141.8503 1448.6363999999999 4055.4266 1753.0333 3939.6748 1720.1693
P1248 0.9075 962.9917 3663.2924000000003 982.4491 3664.1348 980.9865 3697.9135 961.5291 3697.071
P1248 0.9066 2915.8387000000002 3612.8821 2939.6431000000002 3607.8237 2948.084 3647.5455 2924.2795 3652.6039
P1248 0.8716 2940.4745 3607.4284 2960.2513 3602.8183 2969.0891 3640.7313 2949.3123 3645.3414000000002
P1248 0.8589 986.2067999999999 3622.5061 1005.4359 3623.0878000000002 1004.358 3658.7158 985.1288999999999 3658.1341
P1248 0.8409 942.9375 3622.0766 962.4683 3621.1089 964.1241 3654.527 944.5934 3655.4948
P1248 0.8183 963.7952 3622.4044 982.6033 3622.192 982.9847 3655.9671 964.1766 3656.1795
P1248 0.7547 943.6212 3661.9541 961.1065 3663.5699 957.8845 3698.4381 940.3991 3696.8223
P1248 0.7347 3733.8896 2766.1545 3755.0204 2763.4613 3759.5283 2798.8302 3738.3974 2801.5234
P1248 0.6101 984.3942 3665.0382 1002.7076999999999 3664.8973 1002.9647 3698.2963 984.6511 3698.4371
P1248 0.2698 3755.5032 2762.2611 3774.7219999999998 2759.3669 3780.0009 2794.4216 3760.7821 2797.3158
P1248 0.1099 3477.2143 890.5293 3497.8838 887.6289 3503.3018 926.2406 3482.6323 929.141
P1248 0.0681 2801.0321 2669.7822 2820.5935 2666.6501 2826.3179 2702.4027 2806.7565 2705.5347
P0135 0.2091 1614.2278999999999 1506.1793 1711.9578999999999 1462.1619 1804.3555999999999 1667.3082 1706.6255999999998 1711.3256999999999
P0135 0.1021 1496.2143999999998 1564.4722000000002 1587.4013 1505.3917000000001 1705.3115 1687.3785 1614.1246 1746.4589999999998
P0135 0.0898 1401.5167000000001 1610.827 1489.4153999999999 1568.5557 1590.2738 1778.2802000000001 1502.3751 1820.5515
P0135 0.0751 1086.0877 1340.6795 1182.2579 1320.6091000000001 1203.9706 1424.6489000000001 1107.8004 1444.7192
P1383 0.2971 394.7985 554.1765 422.2424 548.1973 427.5262 572.4492 400.0823 578.4284
P1383 0.201 1224.3506 3705.4568 1256.3626 3694.1065 1263.9354 3715.4647 1231.9234000000001 3726.815
P1383 0.1834 268.1368 3599.2462 307.7496 3590.2299 317.0804 3631.2237999999998 277.4676 3640.2402
P1383 0.1346 706.4391 4161.5761999999995 725.6652 4151.9709 741.5553 4183.777 722.3292 4193.3823
P1383 0.1167 1882.2655 3862.8562 1957.4667 3853.7733 1965.9333 3923.8713 1890.7321 3932.9543
P1383 0.1157 1380.0103 4251.6362 1398.2451 4240.4299 1416.2460999999998 4269.7209 1398.0112 4280.9272
P1383 0.1072 1878.0821 3616.7424 1900.2981 3629.3387000000002 1885.0036 3656.3135 1862.7876 3643.7172
P1383 0.1048 932.327 1749.2039 947.2961 1737.5367999999999 966.5758 1762.2730000000001 951.6068 1773.9401
P1383 0.1004 657.366 4624.5017 689.6534 4614.1023000000005 694.2115 4628.2539 661.9241 4638.6533
P1383 0.0977 898.5183 2783.8091 930.4751 2775.2542 934.8927 2791.7564 902.9359 2800.3112
P1383 0.0959 1293.5632 2615.1898 1334.3579 2621.8246 1331.1193 2641.7380000000003 1290.3246 2635.1031000000003
P1383 0.094 1137.0234 3761.483 1155.0492 3749.6626 1180.4113 3788.3391 1162.3854999999999 3800.1594999999998
P1383 0.0911 1538.7327 4437.3117999999995 1559.2836 4429.2448 1570.3055 4457.3237 1549.7546 4465.3907
P1383 0.0903 693.8829 1124.926 706.086 1115.9998 721.4088 1136.9478 709.2056 1145.874
P1383 0.0863 785.2303 2506.7414 867.454 2458.3947 891.6495 2499.5441 809.4257 2547.8908
P1383 0.0808 1452.8897 4473.096 1476.3143 4469.0999 1480.3878 4492.9781 1456.9632000000001 4496.9742
P1383 0.0799 1349.3036 1789.4615 1368.0491 1777.1157 1383.8845000000001 1801.1597 1365.1390000000001 1813.5055
P1383 0.0758 244.8938 3024.8568 273.8362 3014.1553 280.438 3032.0099 251.4955 3042.7114
P1383 0.0754 2081.8887 1285.0944 2103.0248 1276.6238 2122.805 1325.9803 2101.6689 1334.4508
P1383 0.075 213.3227 4543.6511 229.6321 4533.2438 249.9031 4565.0109 233.5937 4575.4182
P1383 0.0743 1226.269 3874.5852 1240.1801 3867.6877 1253.5001 3894.552 1239.589 3901.4494999999997
P1383 0.0736 933.7243 2289.3833 988.3142 2261.3941999999997 1039.5178 2361.2615 984.9279 2389.2505
P1383 0.0734 1300.6734000000001 4300.7796 1317.3561 4292.3513 1332.7055 4322.7331 1316.0227 4331.1614
P1383 0.0726 1239.2629 3753.9356 1263.2196 3774.687 1249.6479 3790.355 1225.6912 3769.6036
P1383 0.0705 1565.2535 3226.0549 1592.9322 3220.8464 1597.4252000000001 3244.7225 1569.7465 3249.9311
P1383 0.0704 762.8642 927.9831 787.2119 926.439 788.7725 951.0476 764.4249 952.5917
P1383 0.0698 377.8158 1628.0917 409.2505 1610.6633000000002 419.7893 1629.6716000000001 388.3546 1647.1
P1383 0.0696 63.6967 1064.5106 77.271 1056.6236 94.2581 1085.8600000000001 80.6837 1093.747
P1383 0.0696 388.0327 1654.3691 421.2492 1637.6190000000001 428.5186 1652.0347000000002 395.302 1668.7848
P1383 0.0693 474.0824 1268.3802 530.2025 1261.2446 536.9731 1314.4943 480.853 1321.6299
P1383 0.0673 1332.1435999999999 1769.8719 1359.8245 1753.0508 1369.1026000000002 1768.3188 1341.4218 1785.1399999999999
P1383 0.0667 1458.6423 4161.3847 1487.6876 4144.2539 1498.5388 4162.652 1469.4933999999998 4179.7828
P1383 0.0667 387.6093 3924.0672 422.3515 3953.0568 387.0525 3995.3605 352.3103 3966.371
P1383 0.0664 116.1337 500.3925 149.6171 516.0974 141.2862 533.8591 107.8028 518.1542
P1383 0.0664 206.6041 3958.6504999999997 245.1694 3949.7801 249.3325 3967.8797 210.7672 3976.7501
P1383 0.0652 1167.2784 3759.3432000000003 1184.5291 3750.9318 1200.9331 3784.5739 1183.6824 3792.9854
P1383 0.0647 1940.7806 785.8953 1980.0736 761.3632 2037.4158 853.2081 1998.1228 877.7402
P1383 0.0639 1332.4384 4273.1267 1353.9911 4291.5706 1339.0684999999999 4309.0082999999995 1317.5158999999999 4290.5644
P1383 0.0637 1742.3359 2218.5999 1765.9208 2209.7616 1784.1804 2258.4873 1760.5955 2267.3256
P1383 0.0625 1792.3491 4243.2473 1821.1644000000001 4246.4345 1815.1813 4300.5264 1786.3661 4297.3392
P1383 0.0619 78.5233 1464.9805000000001 117.0781 1439.9554 159.5021 1505.3155000000002 120.9474 1530.3406
P1383 0.0606 449.6945 2970.43 468.0105 2960.6307 486.4629 2995.1205 468.1468 3004.9198
P1383 0.0592 959.4154 2793.3171 978.0613 2785.6133 993.7494 2823.5838 975.1035 2831.2876
P1383 0.0591 1283.1783 550.4218 1301.3268 539.447 1317.2467 565.7728 1299.0982 576.7476
P1383 0.0589 507.0797 4352.5492 522.3784 4340.0975 541.9549 4364.1503 526.6562 4376.6019
P1383 0.0587 800.3991 4175.6632 829.1752 4182.5565 824.704 4201.2215 795.9279 4194.3282
P1383 0.0581 337.7861 4427.9892 369.5531 4408.988 379.9433 4426.3588 348.1763 4445.36
P1383 0.0575 1202.8337999999999 3728.1696 1220.2645 3718.7925999999998 1239.6576 3754.842 1222.2268 3764.219
P1383 0.0574 652.4533 1149.9889 686.8535 1129.8081 696.2864 1145.8875 661.8863 1166.0683
P1383 0.0558 757.5367 1732.8224 782.7625 1712.7262 796.2877 1729.7037 771.0619 1749.7999
P1383 0.0557 1245.313 3839.7901 1262.8202 3840.5902 1261.6381999999999 3866.4514 1244.1311 3865.6512
P1383 0.0555 569.3841 4655.2567 591.0742 4635.9268 604.2408 4650.701 582.5507 4670.0309
P1383 0.0547 1371.2286 3329.2655 1397.8076999999998 3336.8769 1389.6257 3365.4484 1363.0466999999999 3357.837
P1383 0.0531 523.9149 4043.584 559.9589 4062.0854 552.2625 4077.0794 516.2185 4058.578
P1383 0.0525 1630.1228999999998 2485.0215 1673.7693 2469.1916 1697.2206999999999 2533.8522 1653.5743 2549.6821
P1383 0.0524 396.5119 578.2578 424.5278 577.4031 425.0259 593.7311 397.01 594.5858
P1383 0.0519 444.341 4395.63 489.9675 4407.6681 484.0523 4430.0876 438.4258 4418.0496
P1383 0.0511 1486.5843 3846.5187 1521.4758000000002 3850.3124 1517.8085 3884.0414 1482.9171000000001 3880.2478
P1383 0.0509 256.6588 4506.3703000000005 282.9111 4485.16 297.2939 4502.9619 271.0416 4524.1722
P1383 0.0507 599.8177 3739.8728 626.204 3726.7617 632.2435 3738.9161 605.8571 3752.0273
P1383 0.0505 1708.8743 2457.1965 1771.0427 2442.451 1779.4351000000001 2477.834 1717.2666 2492.5795
P1383 0.0505 430.123 4112.0628 469.6994 4084.4712 479.5623 4098.6182 439.9858 4126.2098
P1383 0.0501 1065.6977 4382.7792 1089.3751 4381.5218 1090.3187 4399.2894 1066.6413 4400.5468
P1145 0.1445 1446.6473 1649.1249 1554.2568 1565.3755 1667.0410000000002 1710.2917 1559.4315000000001 1794.0411
P1145 0.0992 664.7146 644.543 786.553 614.3154 833.2368 802.4847 711.3984 832.7123
P1145 0.0909 1355.771 1679.6696 1491.8929 1648.6998 1533.5111000000002 1831.6247 1397.3892 1862.5945
P1145 0.0689 1667.2676 1973.3888 1806.2133 1990.0042 1781.118 2199.8632 1642.1722 2183.2479
P0062 0.2132 905.2819999999999 1201.9488000000001 952.2778 1202.7688 951.8139 1229.354 904.8181 1228.5339
P0062 0.11 822.3463 934.1371 870.6872 936.0848 869.7365 959.68 821.3956 957.7323
P0062 0.0972 850.8156 1940.3375999999998 887.4975 1937.6838 889.0018 1958.4766 852.3199 1961.1304
P2041 0.1956 1121.3653 977.8962 1196.5911999999998 913.1799 1238.6682 962.0899 1163.4423000000002 1026.8063
P2041 0.0791 564.3589 1691.4434 611.1521 1666.6371 651.6631 1743.0549 604.8697999999999 1767.8611
P2041 0.0746 1060.0541 810.3198 1337.9747 1006.0688 1220.5271 1172.8184999999999 942.6065 977.0695000000001
P1422 0.9656 3624.7856 1303.937 3706.9832 1237.079 3839.3426 1399.8067 3757.145 1466.6646
P1422 0.9629 3526.1794 1377.5172 3607.0398999999998 1315.3818 3735.3001 1482.2944 3654.4396 1544.4298
P1422 0.9598 3421.7347 1459.6562 3505.3158 1393.973 3633.9859 1557.7039 3550.4048 1623.3871
P1422 0.9485 3211.5982 1614.938 3296.8659 1549.2036 3422.2289 1711.8187 3336.9611999999997 1777.5531999999998
P1422 0.9467 3318.465 1530.2634 3402.3119 1472.4966 3507.3450000000003 1624.9494 3423.498 1682.7161
P1422 0.4079 5276.4388 3810.3482 5377.1812 3898.4987 5248.3028 4045.7867 5147.5605 3957.6362
P1422 0.2347 4178.1329 600.0104 4307.1381 600.5085 4306.7242 707.727 4177.7189 707.2289
P1422 0.1709 5447.4961 897.3371999999999 5568.6336 837.5603 5607.2345000000005 915.7849 5486.097 975.5617
P1422 0.1244 6568.667 3323.8764 6693.7718 3322.3199 6695.4121 3454.1579 6570.3073 3455.7144
P1422 0.1149 2582.2114 32.1739 2675.7438 36.8962 2668.8151 174.1301 2575.2826999999997 169.4078
P1422 0.0846 4207.3525 851.3177 4337.6775 849.6296 4339.4944 989.8931 4209.1693 991.5812
P1422 0.0785 5684.1627 3205.5161 5813.9675 3300.5021 5747.0945 3391.8887 5617.2897 3296.9027
P1422 0.0682 6224.5334 3301.5576 6355.5316 3335.368 6324.1746 3456.8605 6193.1765 3423.0501
P1422 0.068 5441.1957 489.3715 5577.4966 471.271 5600.3844 643.6215 5464.0833999999995 661.7219
P1422 0.0631 5166.7552 190.7184 5284.9714 132.1717 5363.6724 291.083 5245.4561 349.6297
P1422 0.0602 3973.5015 521.6813 4115.476 518.0293 4120.3362 706.9732 3978.3617 710.6252
P1422 0.0591 4634.6339 2575.7784 4767.4439999999995 2463.1859 4839.5452000000005 2548.2338 4706.7351 2660.8264
P1422 0.0514 5806.3511 2430.3954 5887.6519 2468.2051 5841.903 2566.5774 5760.6022 2528.7677
P1039 0.9199 317.9282 66.9641 515.4631 3.0703 552.7773 118.4314 355.2424 182.3252
P2292 0.0556 1144.0818 498.2539 1172.0414 491.5191 1180.5131999999999 526.6901 1152.5536 533.4249
P0051 0.9102 1262.9943 1153.3487 1410.6988999999999 1098.2440000000001 1441.2493 1180.1323 1293.5447 1235.2371
P0051 0.4444 1135.0516 1203.2009 1267.9196 1151.7466 1299.7982 1234.0653 1166.9303 1285.5197
P0051 0.3957 557.8615 2758.8674 653.4265 2725.8387 701.7427 2865.6365 606.1776 2898.6652
P0051 0.1493 3449.3343999999997 3691.2961999999998 3487.2651 3682.8712 3501.7866 3748.2499 3463.8559 3756.6749
P0051 0.1371 3793.4442 2982.1693999999998 3881.9148 2951.9601000000002 3927.1638 3084.4763000000003 3838.6932 3114.6855
P0051 0.131 2332.2228999999998 3468.4888 2417.1641 3440.1161 2429.2300999999998 3476.2387 2344.2889 3504.6115
P0051 0.1218 4005.1284 3485.8634 4044.8781 3472.0691 4074.5494 3557.57 4034.7997 3571.3643
P0051 0.1162 2369.633 3575.4919 2452.4227 3546.1481 2465.3345 3582.5772 2382.5448 3611.921
P0051 0.1146 2470.6365 1038.3134 2499.1726 1026.1584 2515.8795 1065.3808 2487.3433 1077.5358
P0051 0.1126 1569.9781 4129.5086 1672.2831999999999 4094.8764 1740.2107999999998 4295.5378 1637.9058 4330.1699
P0051 0.1063 506.7693 2624.1596 605.6283 2587.3926 656.4645 2724.081 557.6055 2760.8478999999998
P0051 0.1018 2349.7104 3521.9094 2431.5443999999998 3494.3568 2443.513 3529.9048 2361.679 3557.4574000000002
P0051 0.0898 413.8988 2330.0713 454.2421 2317.7889999999998 477.4567 2394.041 437.1133 2406.3233
P0051 0.0895 2309.3304 3418.6097 2395.4593999999997 3385.9292 2409.6561 3423.3443 2323.5271000000002 3456.0248
P0051 0.089 2973.0733 2399.3896 3047.4703 2368.8431 3127.623 2564.0569 3053.2261 2594.6035
P0051 0.0859 1955.4638 1750.3995 1995.8698 1735.028 2028.6205 1821.1173 1988.2145 1836.4888
P0051 0.0742 2153.4831 976.4313 2188.8249 958.8192 2217.8094 1016.9819 2182.4676 1034.594
P0051 0.0711 1886.81 2625.7456 1921.2171 2608.7291 1948.4099 2663.7125 1914.0028 2680.7290000000003
P0051 0.0581 2157.6032999999998 820.5483 2196.085 806.9276 2224.8682 888.2466 2186.3865 901.8673
P0051 0.058 1608.2407 4424.7611 1864.9713 4299.9735 2078.7880999999998 4739.8674 1822.0576 4864.6551
P2463 0.3541 827.7005 113.7357 858.2101 87.2062 874.5009 105.9411 843.9914 132.4706
P2463 0.0662 1737.826 2117.1102 1748.9495 2107.2335000000003 1770.6674 2131.6927 1759.5439000000001 2141.5695
P1381 0.175 677.2363 124.9793 732.6337 115.26 753.8307 236.0768 698.4333 245.7961
P1381 0.163 1272.9265 3767.9831 1357.5011 3733.5014 1378.3227000000002 3784.5715 1293.7481 3819.0532
P1381 0.1533 1315.9614000000001 2033.5018 1377.2559999999999 1988.4193 1431.5208 2062.1982 1370.2260999999999 2107.2808
P1381 0.1499 1589.1674 3829.1736 1658.6369 3782.6063 1683.071 3819.0572 1613.6015 3865.6245
P1381 0.1247 249.0123 3985.3433999999997 278.6965 4010.2927 267.3167 4023.832 237.6326 3998.8827
P1381 0.1198 543.0455 4554.4101 575.3127 4535.9323 587.3586 4556.9677 555.0914 4575.4456
P1381 0.1058 640.1602 1975.42 722.963 1917.1213 747.7141 1952.276 664.9113 2010.5746
P1381 0.0868 1921.7856 3925.1841 1949.2075 3904.4518 1990.3251 3958.8366 1962.9032 3979.569
P1381 0.0865 2604.235 4770.4932 2696.4802 4729.4819 2719.7782 4781.8852 2627.5329 4822.8965
P1381 0.0833 242.0032 4279.7744999999995 274.8308 4263.2081 286.5599 4286.4503 253.7323 4303.0167
P1381 0.075 1995.8546000000001 4521.3894 2040.7919 4497.0511 2083.0793 4575.1287 2038.142 4599.4671
P1381 0.0746 643.358 4580.3568 672.2565 4571.3221 679.4315 4594.2718 650.5329 4603.3066
P1381 0.0693 1848.5212 3926.6112000000003 1887.0568 3903.5244000000002 1929.656 3974.6294 1891.1205 3997.7162
P1381 0.0688 1167.4987 4243.1325 1201.8856 4228.7133 1209.8668 4247.7468 1175.4799 4262.166
P1381 0.0657 205.8791 3590.0933999999997 227.4682 3572.7452 237.8089 3585.6139 216.2198 3602.962
P1381 0.0638 513.6145 865.6268 549.7578 850.6714 587.7958 942.5994 551.6525 957.5548
P1381 0.063 1165.6558 5089.2394 1180.0892 5075.1586 1203.0801999999999 5098.7253 1188.6468 5112.8061
P1381 0.0603 1218.0447 3240.9965 1250.4519 3244.0418 1248.7848 3261.7825000000003 1216.3776 3258.7371000000003
P1381 0.0592 1201.9953 5090.113 1221.9409 5085.3508 1228.5251 5112.9275 1208.5794 5117.6897
P1381 0.0558 1351.569 3665.5725 1388.6812 3644.2505 1434.117 3723.334 1397.0048000000002 3744.656
P1381 0.0537 1841.7272 4597.5117 1882.443 4576.2807 1927.1168 4661.9539 1886.401 4683.185
P1381 0.0535 1946.9695 4491.8736 2118.9761 4578.4783 1956.6167 4900.9423 1784.6100999999999 4814.3376
P1381 0.0517 655.416 4276.8325 673.262 4264.0684 698.0353 4298.7047999999995 680.1893 4311.469
P1381 0.0507 286.1042 4304.0216 311.2255 4328.985 293.1347 4347.1903 268.0134 4322.2268
P1381 0.0505 871.3645 4120.5975 888.8423 4111.5114 905.266 4143.1036 887.7881 4152.1898
P1461 0.9768 5794.8544 3670.4896 5910.2018 3672.7210999999998 5906.1602 3881.6358 5790.8127 3879.4043
P1461 0.9767 5656.9027 3663.0576 5775.7405 3659.0504 5782.9732 3873.5452 5664.1353 3877.5524
P1461 0.9761 5780.3489 3990.036 5900.7184 3983.308 5911.5102 4176.3831 5791.1407 4183.111
P1461 0.9685 5651.7415 3978.3633 5775.8456 3980.4613 5772.1241 4200.6003 5648.02 4198.5023
P1461 0.9512 584.8749 593.1659 705.8453 602.1005 690.9111 804.3032 569.9407 795.3687
P1461 0.9395 719.1234 607.5836 835.4756 617.8917 817.564 820.0685 701.2118 809.7604
P1461 0.9367 692.2875 834.3859 809.4975 840.957 798.0007 1046.0262 680.7907 1039.4551
P1461 0.9236 818.8428 843.5535 932.9555 848.758 923.6136 1053.5859 809.5009 1048.3813
P1461 0.8759 566.5803 806.3491 681.9001 819.3898 659.0366 1021.5722 543.7168 1008.5314
P1461 0.8717 848.612 620.1908 965.781 631.5609 945.0591 845.0999 827.8901 833.7297
P1461 0.8329 453.3853 578.2952 574.3871 587.7738 557.4208 804.3617 436.419 794.8831
P1461 0.7642 426.3717 817.3032 551.4566 826.6731 537.6087 1011.5366 412.5238 1002.1667
P1461 0.2149 1648.7437 841.7377 1741.7614 842.8227 1739.5404 1033.234 1646.5228 1032.149
P1461 0.1465 1880.4128 1278.7198 1997.6607 1299.3836000000001 1971.362 1448.6045 1854.1141 1427.9407
P1461 0.1145 4804.9941 4961.75 4929.5883 4955.2134 4935.3682 5065.3855 4810.774 5071.9221
P1461 0.0965 6186.2167 1372.8017 6321.6617 1352.9180000000001 6349.9241 1545.4371 6214.4791000000005 1565.3208
P1461 0.0838 4544.3652 661.4279 4650.0601 671.4613 4633.6302 844.5382 4527.9352 834.5048
P1461 0.0837 4129.6855 4204.0953 4245.1513 4207.601 4240.638 4356.2519 4125.1722 4352.7462
P1461 0.0758 5019.9606 4282.6947 5166.3071 4299.1973 5155.2228 4397.4942 5008.8763 4380.9916
P1461 0.0544 1242.0055 825.2265 1356.0412999999999 830.4442 1344.4488000000001 1083.8027 1230.413 1078.585
P1461 0.0501 1164.2102 1600.0729000000001 1557.2228 1617.5546 1551.5447 1745.2075 1158.532 1727.7258000000002
P1188 0.9656 535.6474 618.2494 656.7731 611.9484 667.8643 825.1576 546.7386 831.4586
P1188 0.9462 411.4946 623.6283 534.5112 618.6381 543.0959 830.2665 420.0793 835.2567
P1402 0.0662 3571.6403 1044.4872 3597.6823 1043.5272 3598.4127 1063.3407 3572.3707 1064.3007
P0480 0.1031 491.4097 -3.5548 606.0915 -7.1404 610.0378000000001 119.0785 495.356 122.6641
P1772 0.2585 3622.9453 4671.8451000000005 3674.9198 4652.9867 3706.5380999999998 4740.1278 3654.5636 4758.9862
P1772 0.0634 854.2356 4808.7173 911.8935 4795.7211 941.622 4927.6118 883.9642 4940.6081
P2698 0.0673 1662.1889 2039.8728 1828.7165 2049.0085 1819.1546 2223.3046 1652.627 2214.1689
P2698 0.0657 1317.455 269.9059 1376.9198000000001 229.0873 1400.8271 263.9157 1341.3623 304.7342
P2698 0.0599 1442.0535 341.3948 1455.6152 330.3235 1478.991 358.9576 1465.4293 370.0289
P2607 0.0726 328.4711 3486.7556 449.6743 3582.0206 390.3033 3657.5567 269.1002 3562.2916
P0112 0.0597 6332.1473 1165.7143 6394.3427 1165.0496 6394.7225 1200.5839 6332.527 1201.2486
P0112 0.0565 6475.8166 3791.8803 6504.9606 3790.268 6505.9504 3808.1594 6476.8063 3809.7717000000002
P0112 0.0563 2896.327 4216.2313 2935.6666 4223.0584 2931.4710999999998 4247.2335 2892.1315 4240.4063
P1031 0.0832 3396.7749 1051.9196 3423.5278 1070.0694 3398.212 1107.3849 3371.4592000000002 1089.2350999999999
P1447 0.8821 419.2017 1134.9785 475.8911 1136.1778 473.7567 1237.0741 417.0672 1235.8748
P1447 0.4964 567.8336 1151.3686 612.1242 1151.8857 611.1105 1238.7154 566.8199 1238.1984
P1447 0.4763 495.7155 1149.1444000000001 541.3075 1149.4257 540.7819 1234.6258 495.1898 1234.3445
P1447 0.3854 427.166 1255.4001 473.888 1255.3189 474.049 1347.8826 427.327 1347.9638
P1447 0.338 426.6487 1358.2921999999999 479.0011 1353.152 490.9264 1474.6114 438.5739 1479.7514999999999
P1447 0.3312 765.6271 1151.6387 809.7991 1152.589 807.8339 1243.935 763.662 1242.9847
P1447 0.3162 701.6766 1152.8255 745.7917 1154.2863 742.7803 1245.2312 698.6652 1243.7705
P1447 0.2214 635.9204 1151.6458 679.2645 1152.4669 677.5664 1242.1089 634.2223 1241.2878
P1447 0.1762 829.1755 1152.3198 871.7687 1152.5262 871.327 1243.6566 828.7337 1243.4501
P1447 0.1074 699.6021 1017.1217 740.6509 1016.5719 741.8143 1103.4193 700.7655 1103.9691
P1447 0.0588 646.7174 1285.379 742.4396 1288.0043 737.5668 1465.6776 641.8445 1463.0522
P1447 0.0501 499.5957 1013.6513 541.0128 1013.1161999999999 542.1262 1099.2984000000001 500.7092 1099.8335
P1261 0.6915 3262.8162 1247.4832999999999 3279.4496 1239.2338 3294.3818 1269.3411 3277.7484 1277.5906
P1261 0.6649 3279.1263 1240.8415 3295.651 1229.9557 3314.4832 1258.5432 3297.9585 1269.429
P1261 0.5616 1263.1722 3881.3047 1281.1509 3870.9710999999998 1299.9841999999999 3903.7379 1282.0055 3914.0715
P1261 0.4997 1244.0039 3890.3311 1261.2756 3880.022 1281.5711000000001 3914.0248 1264.2993999999999 3924.3339
P1261 0.1951 3809.2529 717.5931 3824.928 703.892 3847.0592 729.2119 3831.3842 742.9129
P1261 0.116 3823.5098 706.9039 3839.1674000000003 692.6427 3861.942 717.6472 3846.2844 731.9084
P1261 0.0948 1281.6246 3904.1346 1300.8372 3914.1602000000003 1286.4067 3941.8139 1267.1941 3931.7883
P1261 0.0902 3431.7916 1648.2158 3457.568 1672.6858 3444.1551 1686.8147 3418.3787 1662.3447
P2338 0.0643 2918.5876 2459.182 2977.808 2416.3069 3073.2666 2548.1572 3014.0461999999998 2591.0323
P1528 0.0635 3914.2380000000003 2527.8528 3943.9087 2512.0707 3965.1119 2551.9333 3935.4412 2567.7154
P1363 0.0607 1911.7196 923.3703 2003.8827999999999 890.7518 2048.1196 1015.7424 1955.9564 1048.3609
P0107 0.3137 543.8303 66.3705 661.8022 44.7038 702.362 265.5448 584.3901 287.2116
P1448 0.9753 4195.3842 4657.5568 4312.0175 4652.9444 4320.5205 4867.9572 4203.8872 4872.5696
P1448 0.9719 4319.6243 4655.4088 4440.9594 4652.1553 4446.3572 4853.457 4325.0221 4856.7106
P1448 0.9393 66.2476 4226.6529 161.777 4176.8215 250.5808 4347.0631 155.0513 4396.8945
P1448 0.921 168.4455 4166.7551 265.4239 4117.1655 355.7519 4293.8128 258.7735 4343.4023
P1448 0.8611 -18.3142 4270.4772 79.0713 4238.4145 138.2421 4418.1365 40.8566 4450.1993
P1448 0.5927 4067.0697 4672.6002 4190.7852 4663.1941 4206.6108 4871.343 4082.8953 4880.7491
P1448 0.5569 5827.0686 4136.2328 6014.7996 4133.8007 6016.2133 4242.925 5828.4823 4245.357
P1448 0.5119 5541.3917 4679.696 5697.3776 4670.5887 5703.7564 4779.8412 5547.7704 4788.9486
P1448 0.4125 4664.6654 4653.819 4779.4976 4656.4755 4775.8879 4812.5087 4661.0558 4809.8522
P1448 0.3661 5845.2812 4015.2698 6022.2265 4030.5176 6012.1407 4147.5604 5835.1954 4132.3126
P1448 0.2884 5834.3237 4253.3994999999995 6023.0453 4264.701 6016.9146 4367.0772 5828.1929 4355.7756
P1448 0.275 611.4392 941.3632 720.8539 1012.4871 612.6372 1178.9643 503.2225 1107.8404
P1448 0.2676 2493.61 4433.7975 2612.1461 4447.2512 2590.536 4637.6516 2471.9999 4624.1979
P1448 0.2464 716.2645 1023.5855 814.3713 1082.8452 714.3892 1248.3695 616.2824 1189.1098
P1448 0.1283 799.4355 1101.2209 904.769 1145.6544 829.2722 1324.6262 723.9387 1280.1927
P1448 0.1193 3960.0067 4663.9918 4074.2269 4668.3494 4065.4902 4897.3541 3951.2699000000002 4892.9965
P1448 0.093 888.193 1428.9105 996.8154 1479.2428 917.7268 1649.9248 809.1043 1599.5925
P1448 0.0893 6122.0987000000005 1221.914 6210.2508 1215.825 6226.4266 1450.0076 6138.2746 1456.0965999999999
P1448 0.0757 998.7513 1494.5518 1079.6358 1555.6984 958.3451 1716.141 877.4607 1654.9944
P1448 0.0741 1710.9969999999998 1900.1571 1795.9278 1972.804 1704.5897 2079.5864 1619.6589 2006.9395
P1448 0.0699 4779.2833 4660.7202 4880.0898 4662.8364 4876.9608 4811.8834 4776.1544 4809.7672
P1448 0.0667 676.2746 1475.3503 821.0215 1337.6287 888.3434 1408.3845999999999 743.5966 1546.1063
P1448 0.0656 2859.5765 4898.762 2965.9786 4878.6637 2996.0579 5037.9055 2889.6557000000003 5058.0038
P1448 0.0509 5493.9667 3548.5696 5610.392 3506.03 5675.9304 3685.4 5559.5051 3727.9395
P2515 0.0724 605.4175 1286.7027 672.1201 1230.8498 706.1675 1271.5111 639.4649 1327.364
P2515 0.0505 402.868 699.7757 487.1214 695.4706 496.7475 883.8608 412.4942 888.1658
P1157 0.1969 6804.8683 1121.3405 6839.5649 1147.9634 6788.4849 1214.5337 6753.7884 1187.9108
P1157 0.1181 1955.5403999999999 3134.8616 2021.2708 3128.9251 2027.075 3193.1915 1961.3447 3199.128
P1157 0.0954 2011.8029000000001 3152.2423 2093.0999 3147.0672 2098.1909 3227.0443999999998 2016.8939 3232.2195
P1157 0.0954 2051.2482 2924.6913 2218.2407 2983.767 2188.1345 3068.8698 2021.142 3009.7941
P1157 0.0516 742.9637 5179.6437 765.4621 5173.7422 774.5101 5208.2358 752.0117 5214.1373
P1494 0.4891 3970.0188 1130.9875 4063.1753 1077.5235 4133.1609 1199.4675 4040.0045 1252.9315000000001
P1494 0.2273 4068.0684 1192.6911 4162.5432 1222.1118000000001 4128.443 1331.6134 4033.9681 1302.1927
P1494 0.1268 1655.3852 1607.1279 1712.9797 1612.4196 1708.8533 1657.3306 1651.2589 1652.0389
P1494 0.0866 3280.7446 3927.4156000000003 3321.696 3899.5115 3368.0349 3967.5172000000002 3327.0834 3995.4214
P1494 0.0746 2381.3568 3065.3841 2436.7163 3028.1155 2478.3022 3089.8881 2422.9426 3127.1567
P1236 0.6099 1800.5411 901.2045 1815.4241 888.4291000000001 1842.0048 919.3951 1827.1218 932.1704
P1236 0.5912 1822.9844 891.1478 1837.9922 876.7981 1862.8643 902.811 1847.8565 917.1607
P1236 0.0722 1852.3443 865.6679 1878.8993 891.5829 1866.4117 904.3788 1839.8567 878.4639
P2652 0.9887 723.5103 2712.9674 847.3966 2710.2358 852.0781 2922.5509 728.1918 2925.2825000000003
P2652 0.9825 852.1542 2712.7033 974.2651 2706.3839 985.3015 2919.642 863.1906 2925.9614
P2652 0.9824 845.1328 2479.3668 961.5427 2473.6632 972.1891 2690.9533 855.7792 2696.6569
P2652 0.9751 979.3937000000001 2473.6776 1092.4766 2468.6335 1101.7124 2675.6875 988.6295 2680.7317000000003
P2652 0.9742 711.8956 2483.1633 828.2828 2477.1612999999998 838.6033 2677.2882 722.2161 2683.2902999999997
P2652 0.9732 984.866 2708.5878000000002 1101.2682 2708.5189 1101.3944000000001 2921.7162 984.9922 2921.7851
P2652 0.9722 484.8375 2474.8398 600.1175 2479.1214 592.627 2680.7981 477.347 2676.5164
P2652 0.9707 1106.8866 2703.4118 1228.8515 2701.61 1232.0077 2915.2475 1110.0428000000002 2917.0493
P2652 0.9684 834.3194 2237.2689 956.5306 2234.3107 961.548 2441.5942 839.3368 2444.5524
P2652 0.9666 1106.3282 2466.6539000000002 1227.6297 2465.2806 1229.9317999999998 2668.6171 1108.6303 2669.9904
P2652 0.9378 482.3888 2703.5263999999997 602.275 2704.4993 600.5268 2919.9147000000003 480.6405 2918.9418
P2652 0.9298 702.7266999999999 2236.7482 822.1668999999999 2231.9061 830.6282 2440.623 711.1881 2445.4651
P2652 0.8859 966.9870000000001 2226.1004 1092.8933 2223.2722 1097.815 2442.3721 971.9087 2445.2003
P2652 0.7557 481.4982 2238.0214 594.1678 2236.1141 597.7553 2448.0393 485.0858 2449.9466
P2652 0.7549 1098.2166 2229.9206 1219.4006 2228.8262 1221.3649 2446.3257 1100.1808 2447.4202
P2652 0.0597 775.3201 2952.9825 1122.1657 2960.3586999999998 1119.114 3103.855 772.2684 3096.4788
P0031 0.0752 1294.3161 3108.4789 1364.3378 3123.316 1353.2167 3175.8003 1283.195 3160.9631
P0031 0.0644 4543.1786 1088.1723 4761.374 1097.0145 4753.93 1280.7076 4535.7346 1271.8654000000001
P0682 0.1249 904.0212 1480.676 996.1815 1414.7905 1028.6339 1460.1849 936.4736 1526.0702999999999
P0682 0.106 1511.7267000000002 909.1259 1522.3288 919.0581999999999 1505.4173 937.1101 1494.8152 927.1779
P0682 0.0643 1481.1548 1061.1603 1494.0088 1062.0458 1492.5181 1083.684 1479.6641 1082.7984999999999
P0682 0.0579 1471.016 1077.4126 1482.7818 1087.5028 1467.4089 1105.4285 1455.6431 1095.3383
P2658 0.9892 693.3744 231.8371 812.6874 240.5059 797.4806 449.8059 678.1676 441.1372
P2658 0.9856 660.0464 684.6927 775.5271 694.2897 757.3886 912.5519 641.908 902.955
P2658 0.9851 546.946 451.3675 666.5552 466.6763 641.5723 661.8696 521.9631 646.5609
P2658 0.9842 514.8062 677.5856 639.4888 688.2732 622.6304 884.9436 497.9478 874.256
P2658 0.9836 679.3081 462.0189 800.222 474.0045 779.7302 680.7303 658.8163 668.7446
P2658 0.9836 479.283 1117.8687 606.4515 1129.4266 587.1508 1341.7871 459.9823 1330.2292
P2658 0.9811 637.6576 920.0601 755.8823 929.1879 739.9143 1136.0072 621.6896 1126.8793
P2658 0.9783 490.9509 902.1677 618.75 910.5447 604.8721 1122.2671 477.073 1113.8902
P2658 0.9733 828.3176 248.3785 935.8501 252.0332 928.7675 460.4275 821.235 456.7728
P2658 0.9724 418.58 424.4543 535.3463 447.1743 494.7592 655.7663 377.9929 633.0463
P2658 0.9691 618.0986 1156.4615 734.4315 1161.4398 725.6034 1367.7365 609.2706 1362.7582
P2658 0.9666 377.0776 650.2616 502.1707 664.9798 477.3181 876.2074 352.2249 861.4892
P2658 0.9619 563.9919 213.9868 679.3129 222.736 662.327 446.6223 547.0059 437.873
P2658 0.956 792.2234 711.9917 901.8002 718.7984 888.6694 930.1814 779.0927 923.3747
P2658 0.9253 817.3024 481.0328 929.3253 490.2772 912.4285 695.0332 800.4056 685.7889
P2658 0.8895 752.9229 1166.4517 864.1901 1173.998 850.2852 1379.021 739.018 1371.4747
P2658 0.8358 436.1265 193.7525 548.7502 200.4693 535.09 429.5163 422.4663 422.7995
P2658 0.6929 343.8846 1102.6655 463.848 1117.4572 439.8058 1312.4443 319.8424 1297.6527
P2658 0.6101 354.3352 871.6003 474.2165 877.4672 463.2725 1101.0898 343.3912 1095.2229
P2658 0.07 306.4807 1331.9059 391.986 1340.8548 376.9583 1484.442 291.453 1475.493
P0671 0.8262 716.3283 45.0555 887.329 134.2187 831.8884 240.5448 660.8877 151.3816
P0671 0.1455 602.3889 231.0351 676.1307 157.4183 804.3168 285.8221 730.575 359.439
P0671 0.1145 743.4126 -9.5588 923.5834 18.316 911.4595 96.6802 731.2886 68.8054
P2762 0.2231 5833.3866 293.9054 5982.3366 184.0853 6031.0845 250.2024 5882.1345 360.0226
P2762 0.1225 7920.2388 2448.8156 7986.6068 2391.6698 8016.0019 2425.8087 7949.634 2482.9545
P2762 0.1061 6580.1478 2356.4996 6749.7922 2219.7189 6796.2699 2277.3636 6626.6255 2414.1443
P2762 0.1002 6839.3346 140.8211 6889.2333 127.4158 6911.1214 208.89 6861.2227 222.2953
P2762 0.0761 6064.5007 3187.6988 6097.4865 3158.0695 6112.1907 3174.4394 6079.2049 3204.0687
P2762 0.0686 7092.1245 1441.7231000000002 7128.3009 1413.2440000000001 7146.2664 1436.0651 7110.09 1464.5442
P2762 0.0655 6670.9517 1878.6647 6681.515 1869.0254 6713.8831 1904.4961 6703.3198 1914.1354000000001
P1379 0.5819 1386.8066 3934.942 1474.0954000000002 4003.0254999999997 1363.2978 4145.0773 1276.009 4076.9938
P1379 0.3335 3600.6223 3451.064 3670.9804 3508.51 3579.1192 3621.0189 3508.761 3563.5728
P1379 0.2845 3464.9014 3470.0876 3541.0107 3421.5654 3571.2636 3469.0183 3495.1543 3517.5406
P1379 0.2131 4088.4413 3575.8245 4175.9803 3631.4004 4070.7523 3797.1476000000002 3983.2133 3741.5718
P1379 0.1218 3678.9093 3170.384 3852.8552 3261.2378 3712.9746999999998 3529.0487 3539.0288 3438.1949
P1379 0.0867 890.9695 4038.7367 949.3904 4087.346 915.8613 4127.6429 857.4404 4079.0335999999998
P1379 0.0616 568.517 1655.7435 711.8892 1720.3696 568.6791 2038.0791 425.3069 1973.453
P1379 0.0579 2801.2096 3957.12 2856.1587 3990.8171 2797.5834 4086.3345 2742.6343 4052.6374
P1379 0.0577 2894.4378 1465.4319 2975.3829 1510.5669 2950.6859 1554.8585 2869.7408 1509.7235
P1237 0.8024 3533.7571 2015.3220999999999 3547.9071 2028.0389 3522.8462 2055.924 3508.6963 2043.2071
P1237 0.6103 3134.8505999999998 971.5333 3155.1387 977.3389 3144.8446 1013.3123 3124.5565 1007.5067
P1237 0.5909 3553.0136 2030.2652 3568.3683 2044.7167 3541.2696 2073.5091 3525.9148999999998 2059.0576
P1237 0.3521 2015.8973 3391.3469999999998 2033.4007 3394.2355 2027.6494 3429.0867 2010.146 3426.1982
P1237 0.0869 569.6792 1708.6342 602.5553 1690.4634 613.5909 1710.4299 580.7148 1728.6007
P1237 0.0796 3185.3686 156.781 3212.374 171.3312 3185.9016 220.4642 3158.8962 205.914
P2737 0.3984 2573.0342 1849.8074 2604.4318 1838.7359999999999 2616.7817 1873.7592 2585.3842 1884.8306
P2737 0.2366 2657.9211999999998 357.1752 2668.6179 365.0359 2656.3896 381.6758 2645.693 373.815
P2737 0.1597 1228.8889 631.4425 1256.6948 607.2476 1273.343 626.3805 1245.537 650.5754
P2737 0.1551 827.0245 1262.3495 848.1843 1253.9874 857.592 1277.7930000000001 836.4322 1286.1551
P2737 0.1409 2639.2629 1851.4886999999999 2664.9008 1861.4154 2639.7969 1926.2513 2614.1591 1916.3246
P2737 0.1306 1253.3318 648.001 1283.1623 642.4584 1288.0626 668.8317 1258.2321 674.3744
P2737 0.1172 2592.0782 905.9966 2615.4633 909.6347 2612.1935 930.6527 2588.8084 927.0146
P2737 0.0966 2622.5007 357.2493 2633.9328 349.6292 2647.4298 369.878 2635.9977 377.4982
P2737 0.0645 1686.642 2236.8976000000002 1710.409 2240.7697 1705.6665 2269.8802 1681.8995 2266.0082
P2737 0.062 3152.7916 2598.825 3170.1298 2594.6465 3177.3370999999997 2624.5532 3159.9989 2628.7316
P2737 0.0501 2669.5253000000002 365.0723 2680.8959 369.4874 2672.7784 390.3932 2661.4078 385.9781
P2136 0.9959 351.9143 1014.7711 411.5516 1008.1756 421.7082 1100.012 362.0708 1106.6075
P2136 0.9482 292.9393 1020.7084 344.8259 1018.5388 348.8628 1115.0803 296.9762 1117.2499
P2136 0.9252 416.2755 985.7936 474.1125 979.108 487.0251 1090.8139 429.188 1097.4995
P2136 0.8189 497.0463 975.234 562.2875 968.9455 573.4862 1085.1273999999999 508.24490000000003 1091.4160000000002
P2136 0.0512 1081.1597000000002 1010.7457 1122.3508000000002 1004.0529 1137.1849 1095.3496 1095.9938 1102.0424
P2752 0.9828 2280.9130999999998 928.3358000000001 2341.2733 923.1945000000001 2350.2012 1028.0104999999999 2289.8411 1033.1518
P2752 0.9627 2208.8328 936.6207 2264.3137 934.6846 2267.3657 1022.1393 2211.8848 1024.0754
P2752 0.6627 855.6233 1195.4708 902.0423 1196.3848 900.4799 1275.739 854.0608 1274.825
P2752 0.5932 843.3796 1082.6457 892.3568 1075.8878 907.0737 1182.5491 858.0966 1189.3069
P2752 0.5327 2140.0861 937.5942 2187.266 937.125 2188.0349 1014.4308 2140.8549 1014.9
P2752 0.1784 2200.1624 1141.2567 2235.4132 1140.7257 2235.9521 1176.5044 2200.7012999999997 1177.0354
P2752 0.1471 2363.1252 926.9558999999999 2402.4365 924.7858 2407.3193 1013.2370000000001 2368.0081 1015.4071
P1468 0.9019 778.8727 2755.9581 906.3387 2749.4026 917.5361 2967.1288 790.0701 2973.6843
P1468 0.8919 2683.5805 6677.6284 2860.1911 6688.8274 2853.2339 6798.5441 2676.6233 6787.3452
P1468 0.8902 2687.5084 6801.8877 2873.7275 6819.8864 2864.3133 6917.2877 2678.0943 6899.289
P1468 0.8822 906.9921 2758.4094 1020.5882 2756.7791 1023.6937 2973.1731 910.0976 2974.8034
P1468 0.7703 2681.0826 6553.6827 2871.1464 6568.147 2862.9261 6676.1641 2672.8622 6661.6998
P1468 0.5751 827.4748 7502.0249 1010.8132 7512.9597 1004.1435 7624.7877 820.8051 7613.8529
P1468 0.1363 481.6897 7545.3151 672.825 7533.0172 678.8616 7626.84 487.7263 7639.1378
P1468 0.0767 1739.8716 7152.3741 1836.3289 7149.1475 1842.4127 7331.0192 1745.9553 7334.2458
P2147 0.9485 116.7391 301.4714 177.1041 312.353 159.3434 410.8787 98.9784 399.9971
P2147 0.8799 185.6477 313.5319 243.1456 321.1035 230.1452 419.8275 172.6472 412.2559
P2147 0.8502 251.0135 319.0433 309.329 326.9198 296.502 421.8873 238.1866 414.0108
P2749 0.3547 1409.975 1923.7764 1460.8823 1922.9822 1462.6508 2036.3383 1411.7435 2037.1325
P2749 0.1252 342.2607 2596.5557 398.2359 2593.3504000000003 399.6018 2617.2029 343.6266 2620.4083
P2749 0.0523 511.9646 839.7814 553.6207 836.0829 561.8802 929.1097 520.2242 932.8082
P2484 0.511 837.8857 1776.6788000000001 947.5956 1752.1576 976.6106 1881.973 866.9006999999999 1906.4942
P2484 0.0844 752.4422 1867.1566 856.0919 1872.9899 852.7383 1932.5779 749.0887 1926.7446
P2654 0.9882 1185.7171 2865.5703 1305.206 2860.625 1314.4396 3083.7273 1194.9506 3088.6726
P2654 0.9876 1054.9432 2611.3267 1172.3917000000001 2608.2001 1178.0909 2822.2933000000003 1060.6425 2825.4199
P2654 0.9876 1068.4038 2854.3552 1185.439 2852.962 1188.1127999999999 3077.5645 1071.0774999999999 3078.9577
P2654 0.9831 946.152 2848.0596 1062.2733 2846.3239 1065.6241 3070.4891 949.5029 3072.2249
P2654 0.9801 933.9887 2604.7251 1056.2259 2605.8176 1054.2612 2825.6359 932.0241 2824.5434999999998
P2654 0.9782 1063.7918 2388.97 1176.3589 2391.6407 1171.3175 2604.1354 1058.7505 2601.4648
P2654 0.9774 942.6974 2382.853 1059.9526 2386.13 1053.8988 2602.7422 936.6437 2599.4652
P2654 0.9543 1175.9831 2615.1349 1294.018 2611.86 1300.051 2829.3001 1182.0161 2832.5751
P2654 0.9434 1182.6471999999999 2393.7144 1300.563 2398.2397 1292.4745 2609.0034 1174.5587 2604.4781
P2654 0.0991 1449.0517 1277.981 1624.2785 1287.8035 1606.6727 1601.8791999999999 1431.4458 1592.0566
P2654 0.0716 851.2277 2926.1515 951.577 2923.0543 956.6578 3087.6759 856.3085 3090.7731
P2654 0.0683 1622.5208 1295.9599 1777.2766000000001 1292.0504 1784.83 1591.0483 1630.0742 1594.9578000000001
P2654 0.0643 513.6757 1391.5118 594.8976 1392.4470000000001 592.8269 1572.2905 511.6049 1571.3553000000002
P0307 0.0532 571.8183 1237.7783 594.3017 1250.0219 572.2366999999999 1290.5406 549.7534 1278.297
P0230 0.9061 1361.8841 67.7395 1494.1559 51.267 1521.5291 271.0691 1389.2573 287.5417
P2405 0.0858 774.2101 443.7286 863.4774 412.6735 914.1716 558.3929 824.9044 589.448
P1504 0.3042 173.6461 3245.215 195.6846 3246.2169 193.5634 3292.8766 171.5249 3291.8748
P1504 0.1378 1947.8112 1735.8108 1993.5239 1767.4524999999999 1948.7781 1832.0965999999999 1903.0654 1800.4548
P1504 0.0596 736.21 2613.2517 776.4877 2626.4907 771.8984 2640.4528 731.6207 2627.2138
P1504 0.0579 344.1432 3728.1621 367.4742 3714.1603 390.7756 3752.9872 367.4446 3766.989
P0681 0.7249 305.2592 723.368 461.4147 642.6553 505.8457 728.6161 349.6902 809.3289
P1729 0.3745 843.9306 3374.5213 877.0438 3367.5552 888.1053 3420.1359 854.9921 3427.102
P1271 0.7597 5146.2766 3288.9596 5165.2803 3287.6504999999997 5167.6292 3321.7477 5148.6254 3323.0568
P1271 0.7483 5168.4095 3286.6204 5189.1641 3284.6929 5192.4725 3320.3159 5171.718 3322.2433
P1271 0.4724 5163.0908 3561.6296 5183.525 3559.9018 5186.6111 3596.3998 5166.1769 3598.1276
P1271 0.342 5125.443 3291.1691 5144.8653 3290.105 5146.7572 3324.6357 5127.3349 3325.6998
P1271 0.1612 5141.4291 3566.4362 5160.6749 3564.1082 5164.8387 3598.5311 5145.593 3600.8591
P1425 0.1607 1964.6253 1657.2145 2073.5633 1644.9116 2087.5353999999998 1768.6293 1978.5974 1780.9323
P1425 0.129 1682.2891 1923.0635 1823.6871 1917.1778 1830.261 2075.1088 1688.863 2080.9945
P0394 0.9636 1558.3426 231.7892 1671.2919000000002 188.0906 1741.8454000000002 370.4528 1628.8961 414.1514
P0394 0.9187 1492.3552 64.3662 1599.0853 21.184 1660.2589 172.3822 1553.5288 215.5643
P0530 0.1189 814.3258 475.8568 837.4781 478.1209 833.3263 520.5762 810.174 518.3121
P1733 0.0534 2952.3063 3589.0526 3084.4710999999998 3546.332 3109.4773999999998 3623.6943 2977.3126 3666.4148
P1733 0.0526 3847.3715 3011.7002 3888.3874 3002.5229 3901.2375 3059.9539999999997 3860.2216 3069.1313
P0177 0.1336 1698.8988 1718.9044 1722.0798 1718.7888 1722.3552 1773.995 1699.1741 1774.1107
P0177 0.0914 692.9011 1780.4850999999999 730.6147 1777.5606 731.9538 1794.8295 694.2402 1797.754
P0177 0.0567 1177.4858 3408.9813 1232.7567 3406.8881 1233.6182 3429.6369 1178.3473 3431.73
P1496 0.194 1313.3823 1642.9088 1373.4401 1646.8108 1369.9872 1699.9548 1309.9294 1696.0527
P1496 0.1779 832.6651 1879.6375 890.9132 1872.8733 901.0195 1959.9012 842.7714 1966.6653999999999
P1496 0.0567 346.1398 1382.7236 381.4614 1415.412 304.1284 1498.9747 268.8068 1466.2863
P1496 0.0547 1115.4951 1734.8155 1156.1393 1706.279 1209.7469 1782.6316 1169.1027 1811.1682
P1496 0.0526 695.8134 2094.7059 747.2686 2061.4487 796.5286 2137.6634 745.0735 2170.9206
P1372 0.0641 3642.6952 869.1195 3659.27 874.06 3653.1564 894.5701 3636.5816 889.6296
P0026 0.123 518.2998 2163.6203 540.9871 2153.3682 567.5543 2212.1594999999998 544.867 2222.4116
P1477 0.9894 1204.4206 1430.6417999999999 1248.9241 1424.0927000000001 1252.4348 1447.9492 1207.9313 1454.4983
P1477 0.9788 1210.7884 1461.8679 1257.0513 1454.4081 1261.0505 1479.2105000000001 1214.7876 1486.6702
P1477 0.9756 1195.5061 1363.6853999999998 1240.2954 1360.5534 1242.2021 1387.8198 1197.4128 1390.9517
P1477 0.9734 1394.3035 2280.5522 1420.2232 2275.0678 1430.369 2323.0184 1404.4494 2328.5027
P1477 0.9695 1406.1523 2326.8395 1430.8600000000001 2322.9983 1437.7993999999999 2367.635 1413.0917 2371.4762
P1477 0.9597 1200.5742 1397.3892 1244.6987 1391.3442 1248.0113999999999 1415.525 1203.8869 1421.5699
P1477 0.9251 1748.9293 3351.7258 1776.2049 3348.3275 1782.2305999999999 3396.6904 1754.955 3400.0888
P1477 0.8777 1380.7159000000001 2327.2789000000002 1405.5722 2325.3280999999997 1409.2487999999998 2372.174 1384.3925 2374.1248
P1477 0.8515 1409.9615 2074.6818 1440.9224 2072.0486 1444.991 2119.8869 1414.0302000000001 2122.5201
P1477 0.8477 1370.5188 2286.6579 1397.9616999999998 2284.7313 1400.7986 2325.1393 1373.3557 2327.0659
P1477 0.8196 1739.4034000000001 3310.675 1769.1633000000002 3305.5839 1776.0135 3345.6262 1746.2535 3350.7174
P1477 0.7915 2319.7237999999998 1815.218 2344.4051 1811.2166 2352.2285 1859.4723 2327.5472 1863.4737
P1477 0.46 1281.0606 2853.6513 1327.4292 2845.887 1331.0242 2867.3564 1284.6557 2875.1207
P1477 0.3251 1274.4595 2820.7498 1320.5791 2808.9953 1327.2012 2834.978 1281.0817 2846.7324
P0114 0.5514 357.0961 591.8547 469.051 531.7607 489.8762 570.5579 377.9212 630.6519000000001
P0114 0.4768 394.6732 656.7589 499.2401 601.8114 518.7153 638.8735 414.1484 693.8209
P0114 0.0571 433.8087 720.8465 531.2078 665.2979 554.1682 705.5566 456.7691 761.1052
P0197 0.9598 858.7251 208.915 979.9794 207.9059 981.7921 425.7174 860.5377 426.7265
P0197 0.9462 984.3093 211.4419 1104.7039 210.8622 1105.7323999999999 424.5005 985.3378 425.0801
P0197 0.8838 737.8927 467.5417 853.6237 472.2575 844.9023 686.2957 729.1712 681.58
P2774 0.0861 739.9884 2976.4409 833.5177 3012.1571 815.0367 3060.553 721.5074 3024.8368
P2774 0.0786 1784.575 970.1949 1862.6441 1008.6311000000001 1844.5386 1045.406 1766.4694 1006.9697
P2774 0.0601 2023.5582 1724.1605 2062.0867 1740.726 2029.9764 1815.4092 1991.4478 1798.8437
P2774 0.0581 925.5008 2584.8315000000002 1003.5484 2615.2165 991.2235000000001 2646.8744 913.1759 2616.4895
P2774 0.0545 864.5629 2712.6767 944.9958 2736.1347 932.6309 2778.5315 852.198 2755.0735
P2774 0.0543 1973.4909 1715.2438 2019.7219 1736.4351000000001 1980.4449 1822.1219 1934.2139 1800.9306000000001
P2774 0.0542 2261.0222 931.0314 2349.1696 968.2504 2331.941 1009.0534 2243.7937 971.8345
P2774 0.0525 1204.7174 3012.7985 1221.4265 3017.4911 1215.521 3038.5190000000002 1198.8119 3033.8263
P2774 0.0514 983.6746 1756.9003 1023.7755 1756.5436 1024.2277 1807.3714 984.1267 1807.7281
P0059 0.0619 926.2457 1807.5896 965.1985 1844.7443 936.1526 1875.1958 897.1998 1838.0411
P0059 0.0618 1737.2667000000001 1143.3518 1759.4349 1131.233 1779.8541 1168.5846999999999 1757.6860000000001 1180.7036
P0059 0.0584 2451.3041 1861.1099 2470.567 1857.3836000000001 2474.4673000000003 1877.5461 2455.2045 1881.2725
P0059 0.055 3025.7147999999997 2131.0452999999998 3085.0284 2129.5887000000002 3086.2355 2178.7423 3026.9219000000003 2180.1989
P2588 0.1003 556.6469999999999 1295.3406 817.5258 1070.0995 937.7092 1209.2984999999999 676.8304 1434.5394999999999
P2588 0.0666 499.6561 451.6428 575.6886 515.5898 545.2631 551.7655 469.2306 487.8186
P2588 0.0551 401.1405 789.6428000000001 511.6848 887.6059 328.9775 1093.7777999999998 218.4333 995.8148
P2588 0.0513 512.5792 888.212 618.2769 985.1439 434.569 1185.4648 328.8714 1088.533
P2588 0.051 952.4695 437.5625 1071.8447 515.7326 923.4265 742.3851999999999 804.0513 664.2151
P1796 0.1416 3064.7173000000003 5195.4654 3092.6492 5195.4729 3092.6409 5226.4913 3064.7089 5226.4838
P1630 0.1479 1228.8065000000001 1812.2664 1347.7069000000001 1724.3169 1403.9886999999999 1800.4052 1285.0883 1888.3547
P0876 0.0668 703.9155 372.9063 767.0181 372.2714 767.4322 413.4264 704.3295 414.0613
P1034 0.0749 2503.8546 2852.7802 2527.5267 2845.6952 2540.6292 2889.4726 2516.9571 2896.5576
P1262 0.0597 986.1516 1040.6421 1004.3152 1040.5732 1004.3857 1059.1281 986.222 1059.1970000000001
P0640 0.9437 662.3578 492.054 839.9503 616.0059 771.847 713.5812 594.2545 589.6293
P0640 0.8583 547.3954 681.9695 717.8326 792.2152 654.1014 890.7421 483.6642 780.4965
P0640 0.6971 596.7523 615.7002 730.8593 689.5674 696.1734 752.5403 562.0663 678.6731
P0773 0.1537 221.9168 260.2201 376.6908 202.328 483.6183 488.1974 328.8443 546.0896
P2195 0.9488 1136.3151 237.7807 1193.7068 237.8109 1193.6619 323.2957 1136.2702 323.2655
P2195 0.8368 1129.6988000000001 335.0893 1190.5663 332.9973 1193.6037000000001 421.3721 1132.7361 423.4641
P2195 0.6589 1070.9451 236.874 1130.2829000000002 236.1173 1131.3953999999999 323.3624 1072.0576999999998 324.1191
P2195 0.1462 974.5701 1456.1132 1019.4446 1455.8 1020.1741 1560.3291 975.2997 1560.6423
P2195 0.1014 85.5299 1749.2984999999999 229.806 1753.0273 224.4248 1961.2339 80.1488 1957.5050999999999
P1263 0.6595 3508.7533 3365.4861 3539.7867 3389.1366 3525.3889 3408.0289000000002 3494.3555 3384.3784
P1263 0.6035 2577.2416 3485.1908 2593.9232 3492.2408 2579.7929 3525.6752 2563.1114 3518.6252
P1263 0.5554 2608.3361 3495.1513999999997 2624.7861000000003 3502.5751 2608.96 3537.6436 2592.5101 3530.2200000000003
P1263 0.0862 2626.7991 3502.6911 2646.6825 3512.3015 2628.3768 3550.1752 2608.4934 3540.5649
P2765 0.126 1431.9808 3726.1632 1492.3991999999998 3734.6799 1482.4728 3805.0996 1422.0544 3796.5829
P2765 0.1055 1982.909 1152.017 2036.069 1138.3063 2061.3054 1236.1545 2008.1453999999999 1249.8652
P2765 0.0725 2854.9924 505.92 2908.2693 500.3515 2917.6882 590.4684 2864.4112999999998 596.0368
P2765 0.0701 2417.7971 618.7077 2458.6115 617.3625 2460.6612 679.5511 2419.8468000000003 680.8963
P2765 0.0626 1949.5139 1193.6134 1984.3759 1190.3884 1992.0517 1273.3618999999999 1957.1898 1276.587
P2765 0.0546 156.449 1884.8544 224.3692 1879.5068 229.2778 1941.8494 161.3575 1947.1970999999999
P2272 0.0789 3228.8785 212.7399 3245.3712 212.896 3245.1193 239.5262 3228.6266 239.3701
P2272 0.0678 182.5362 1162.2797 194.9009 1172.8096 177.1356 1193.6703 164.7709 1183.1404
P2272 0.0653 1380.7219 1818.7265 1396.1376 1819.1169 1395.2006999999999 1856.1178 1379.7849999999999 1855.7275
P2272 0.0615 163.1549 1612.9569999999999 178.7197 1611.8743 180.6856 1640.137 165.1208 1641.2197
P1378 0.1087 979.219 2430.5960999999998 998.2193 2428.9614 1000.7018 2457.8141 981.7015 2459.4488
P1378 0.0914 695.4247 1789.4621 785.7144 1710.1946 910.9687 1852.8657 820.679 1932.1331
P1378 0.0697 760.3204 2207.8003 822.1868 2189.5623 842.9882 2260.1235 781.1218 2278.3616
P1378 0.0663 3632.4874 3568.4614 3653.7954 3586.9066 3616.1846 3630.3549 3594.8766 3611.9098
P1378 0.0616 2559.4379 3794.4001 2611.8044 3799.0708 2603.9364 3887.2844999999998 2551.5699 3882.6138
P1378 0.0602 834.3116 2173.2448 866.719 2204.5861999999997 852.0875 2219.7154 819.6801 2188.374
P1378 0.053 2706.7171 3880.8433999999997 2730.6779 3880.4235 2731.5177 3928.3311 2707.5569 3928.7511
P0667 0.9712 267.6395 603.7615000000001 358.3257 532.1945000000001 481.1085 687.7789 390.4223 759.3459
P0667 0.9666 474.4775 439.6479 561.933 367.9076 689.8012 523.7863 602.3457 595.5266
P0667 0.9583 579.71 356.9207 663.9963 287.5469 790.6523 441.4289 706.366 510.8026
P0667 0.9543 163.078 686.7986 248.5162 615.2385 380.5921 772.9285 295.154 844.4886
P0667 0.9509 374.2289 520.039 468.8145 450.7607 587.0358 612.1682 492.4502 681.4464
P1436 0.1134 1968.2377000000001 3586.5161 2024.1209 3589.0011 2020.3223 3674.4252 1964.4391 3671.9402
P1436 0.0624 1830.4355 3635.3107 1857.7672 3633.1809 1860.7481 3671.436 1833.4164 3673.5658
P1436 0.0554 2025.0249 3592.8328 2091.9599 3593.3246 2091.3684 3673.833 2024.4333 3673.3412
P0954 0.107 2867.4714 319.2746 2889.8044 319.5204 2889.264 368.6203 2866.931 368.3745
P2573 0.0673 978.881 733.5285 1418.1028000000001 844.9474 1333.8363 1177.1325000000002 894.6144 1065.7136
P2573 0.0615 893.0051 414.7702 1325.0137 515.3387 1255.5035 813.9313 823.4949 713.3629
P2573 0.0612 1859.0152 849.1798 2214.2092000000002 839.1795999999999 2218.7538 1000.601 1863.5598 1010.6011
P2581 0.0586 1214.2729 69.2801 1456.7788 159.2282 1409.3997 286.9653 1166.8938 197.0172
P1233 0.534 442.6055 2995.9788 459.1016 2981.83 482.2479 3008.8162 465.7518 3022.965
P1233 0.1338 424.8184 3004.4957 441.8826 2991.1144 467.5154 3023.8022 450.4512 3037.1835
P1233 0.1248 2080.2198 2680.717 2096.2698 2665.8814 2121.5194 2693.1978 2105.4695 2708.0334
P1233 0.0701 3333.2159 990.9248 3382.1072 982.7928 3385.1788 1001.26 3336.2875 1009.392
P1233 0.0655 3246.6039 1007.1539 3273.3089 999.0441 3284.6543 1036.4037 3257.9493 1044.5135
P2574 0.0789 1481.9727 1265.0196 1577.8405 1259.0194999999999 1580.9071 1308.0167999999999 1485.0392000000002 1314.0169
P1335 0.8407 3618.2996000000003 2426.9373 3638.4641 2418.2609 3653.9434 2454.236 3633.779 2462.9123
P1335 0.3389 2669.8505 2838.5405 2690.2339 2834.5033 2696.4642 2865.9594 2676.0808 2869.9966
P1045 0.2139 176.5404 524.4866 344.2543 527.6682000000001 340.3567 733.133 172.6427 729.9515
P2773 0.0886 2218.2889999999998 3387.6776 2276.9561 3365.4289 2296.5046 3416.976 2237.8375 3439.2246999999998
P2773 0.0733 2202.5062 1668.6866 2223.2282999999998 1663.9791 2230.7327999999998 1697.0136 2210.0107 1701.7211
P2508 0.0566 1428.5438 1224.8723 1529.4478 1223.0131000000001 1532.9084 1410.8259 1432.0044 1412.6851000000001
P0351 0.989 177.5489 530.0881 358.3417 594.6354 322.8255 694.114 142.0327 629.5668
P0351 0.986 153.2471 647.9334 331.3882 720.3954 289.4568 823.4797 111.3158 751.0176
P0155 0.9279 662.9969 523.7572 710.9455 501.9391 745.3674 577.5865 697.4189 599.4047
P0155 0.8747 701.0613000000001 608.4881 749.2002 585.618 786.1405 663.3731 738.0016 686.2432
P0155 0.8731 603.5279 546.5127 650.4796 521.6492000000001 695.1331 605.9719 648.1815 630.8353999999999
P0155 0.8584 644.8058 635.8096 693.4156 612.2245 732.6331 693.053 684.0234 716.6382
P0155 0.8507 750.7429 587.1343 800.9717 559.1105 838.0887 625.6374 787.8599 653.6613
P0155 0.7647 713.5364999999999 501.3224 761.0529 478.6161 794.2375999999999 548.0603 746.7212 570.7665999999999
P0155 0.7067 563.9182000000001 465.438 614.6782000000001 438.3139 653.0864 510.1911 602.3264 537.3152
P0155 0.2751 648.9788 436.6433 680.9238 422.5122 713.3216 495.7512 681.3766 509.8823
P0155 0.1582 686.2746999999999 425.8621 721.2714000000001 406.6604 764.4123999999999 485.2885 729.4156 504.4902
P2386 0.1487 2099.9543 1757.1662999999999 2127.2729 1771.1327 2108.82 1807.2268 2081.5014 1793.2604000000001
P2386 0.0779 2229.5406000000003 1961.2611000000002 2283.1921 1972.0637000000002 2271.0460000000003 2032.3884 2217.3945 2021.5859
P2386 0.0562 1655.5978 2132.7046 1692.0202 2141.0103 1687.6656 2160.1059999999998 1651.2432 2151.8002
P2386 0.0504 1600.2825 2180.3351000000002 1628.7526 2189.1041 1623.382 2206.5405 1594.9119 2197.7715
P2193 0.1367 2054.3836 162.4652 2086.4326 162.0461 2087.1904 219.9999 2055.1414 220.4189
P1857 0.4238 1025.3208 2370.8405000000002 1115.4437 2416.1918 1093.723 2459.3555 1003.6001 2414.0042
P1857 0.2589 904.0 3451.5688 964.072 3456.6644 953.5879 3580.2625 893.5159 3575.1669
P1857 0.0678 870.202 2958.9265 959.6105 2962.1639999999998 952.5986 3155.8101 863.1901 3152.5726
P1857 0.0663 1641.9625999999998 2118.8409 1824.8168 2165.7841 1803.6305 2248.3097 1620.7763 2201.3665
P1202 0.2882 1020.8875 531.6008 1036.1711 520.2792 1061.465 554.4249 1046.1814 565.7464
P1202 0.0618 1036.6926 526.9879 1050.431 516.2742 1074.3906 546.9979 1060.6521 557.7117
P1424 0.1228 5460.0942 268.4261 5578.5208 244.9423 5610.7086 407.2623 5492.282 430.7461
P1424 0.1169 1565.8663000000001 96.6741 1688.0863 112.9594 1672.5464 229.5852 1550.3264 213.2999
P1424 0.1078 5493.2849 596.6945 5578.1476 564.5407 5634.3322 712.8274 5549.4694 744.9811
P1424 0.1025 3134.4266 637.4301 3214.6994999999997 578.2197 3288.1956 677.86 3207.9227 737.0704
P1424 0.0687 4964.0956 1896.0164 5047.8992 1842.3029 5115.5935 1947.9193 5031.7899 2001.6327999999999
P1424 0.0682 3426.6297 881.9151 3514.4051 911.6657 3468.8277 1046.136 3381.0523 1016.3854
P1424 0.0571 5009.6741 1656.6376 5126.2292 1664.3836000000001 5116.363 1812.8438 4999.8079 1805.0978
P1424 0.0531 3174.3882 121.8788 3280.1335 153.3922 3246.8075 265.2202 3141.0621 233.7068
P2350 0.0773 144.5512 558.9843 251.6203 558.1833 251.9681 604.6716 144.899 605.4726
P2480 0.1551 1136.7512 113.0543 1160.6925 108.2973 1169.3951 152.0967 1145.4538 156.8537
P1151 0.1236 1630.6466 989.1012000000001 1701.1309999999999 1050.0608 1602.5355 1164.0616 1532.0511000000001 1103.1019999999999
P1151 0.0707 685.6431 3392.8752 794.2457 3405.8298 776.6324 3553.4881 668.0298 3540.5335
P1151 0.0543 913.9631 3827.2194 1032.2214 3850.5686 1000.1096 4013.207 881.8513 3989.8577999999998
P1151 0.0506 1996.5626 438.0165 2217.4668 328.0235 2253.8674 401.1285 2032.9632 511.1216
P0820 0.0506 418.7664 9.5444 593.123 32.7154 562.2848 264.7653 387.9283 241.5942
P0886 0.0578 123.6166 309.9137 234.0801 375.8873 134.5423 542.5496 24.0787 476.576
P1642 0.0877 4179.2725 2479.3344 4223.4244 2470.9704 4239.9554 2558.2351 4195.8035 2566.599
P0492 0.0815 1428.873 730.4954 1489.1045 703.1812 1533.8995 801.9599 1473.6680000000001 829.2742
P1385 0.1176 806.9147 2462.4358 950.8943 2501.5519 908.183 2658.7646 764.2035 2619.6486
P1385 0.0767 145.2851 1828.039 198.6775 1824.1661 206.1777 1927.564 152.7853 1931.4369
P1385 0.0502 873.0712 177.2563 997.7248 215.7396 951.8329 364.3907 827.1793 325.9074
P2736 0.2771 1027.56 627.7015 1047.528 627.5507 1047.7888 662.0774 1027.8208 662.2282
P2736 0.0994 989.7159 559.1242 1018.0541000000001 558.151 1019.8284 609.8156 991.4902 610.7888
P2736 0.0938 1044.6928 631.2479 1061.0807 631.3809 1060.8348 661.679 1044.4469 661.546
P0506 0.0876 894.4584 1209.7322 1492.5778 1329.5705 1398.2642 1800.2948999999999 800.1448 1680.4566
P0506 0.0707 2932.3337 1643.2211 3019.4709000000003 1708.1536 2985.5906999999997 1753.6196 2898.4536 1688.6871
P1226 0.3514 165.8158 3240.6003 187.7332 3234.3172 198.3575 3271.378 176.4401 3277.6611000000003
P0102 0.9165 20.0259 965.4233 129.9594 978.7093 108.4222 1156.9161 -1.5112 1143.6300999999999
P2666 0.0963 2648.2952 1664.9191 2674.9928 1690.1954 2639.651 1727.5245 2612.9534 1702.2482
P2586 0.0807 123.3282 1825.5482 440.409 1851.1121 402.5293 2320.9512999999997 85.4485 2295.3875
P2586 0.0617 1333.8418 321.3395 1674.3184999999999 278.3285 1743.5639 826.4777 1403.0873000000001 869.4888
P2540 0.1002 1017.2459 1186.5667 1036.8059 1184.9836 1040.4297 1229.7559999999999 1020.8697 1231.3391
P2540 0.0531 904.8708 1086.5801999999999 997.1768 1077.6684 1013.9837 1251.7493 921.6777 1260.6611
P2459 0.2487 1866.3714 1003.4385 1902.9755 984.4920999999999 1911.4185 1000.8038 1874.8144 1019.7502
P0536 0.3254 1708.216 1055.1774 1757.327 1065.9718 1751.9207999999999 1090.5679 1702.8099 1079.7734
P2119 0.988 176.7852 943.9341 239.8387 939.9225 246.184 1039.6553 183.1304 1043.667
P2119 0.7934 243.9953 917.3696 296.5146 912.838 306.2571 1025.7474 253.7378 1030.2792
P0657 0.8975 118.6998 133.4632 237.3459 153.2233 207.3063 333.5919 88.6602 313.8318
P0657 0.863 85.6853 307.029 214.0622 323.5113 190.7602 505.0057 62.3833 488.5233
P1183 0.0526 1406.0945000000002 1450.934 1491.0693 1370.6621 1522.4225000000001 1403.8521 1437.4476 1484.124
P2760 0.4898 2115.7146000000002 3346.8691 2138.0434 3328.1945 2169.7379 3366.0909 2147.4091 3384.7654
P2760 0.3055 3316.5037 1864.6189 3355.5911 1842.9104 3368.1209 1865.4711 3329.0335999999998 1887.1796
P2760 0.2548 2141.9071 3326.441 2159.4518 3310.6536 2194.1445 3349.2081 2176.5999 3364.9955
P2120 0.6855 860.9489 787.5869 936.5443 847.5031 899.2308 894.5809 823.6354 834.6647
P0145 0.9547 480.3228 820.55 536.2896 803.9639 567.2214 908.3376 511.2547 924.9238
P2649 0.9912 1025.4532 725.515 1148.5355 719.8779 1159.1201 950.9897 1036.0378 956.6267
P2649 0.9901 1281.3414 471.1566 1410.3137000000002 464.9373 1421.2861 692.4742 1292.3137000000002 698.6936
P2649 0.9901 1151.3142 473.6772 1274.309 470.1707 1280.6516000000001 692.6492 1157.6569 696.1557
P2649 0.987 1159.9284 721.8465 1285.0306 720.2313 1288.0109 951.0724 1162.9087 952.6875
P2649 0.9816 1283.9465 720.4067 1421.3743 711.5747 1435.8623 937.0098 1298.4344999999998 945.8418
P2649 0.9765 1021.066 487.8332 1142.825 484.3023 1148.9424 695.2571 1027.1834 698.788
P2649 0.9642 877.2844 226.0026 1007.9654 225.7766 1008.3698999999999 459.6442 877.6889 459.8702
P2649 0.9492 886.4993999999999 736.2521 1017.5844999999999 729.0583 1029.9682 954.7144000000001 898.8831 961.9082000000001
P2649 0.947 1004.2921 230.6298 1129.5719 222.3584 1144.9106000000002 454.6805 1019.6308 462.9518
P2649 0.9451 878.7262000000001 486.5789 1013.2949 490.6691 1006.7833 704.9004 872.2146 700.8102
P2649 0.9193 1276.1206 229.1855 1408.9991 228.1601 1410.7299 452.4571 1277.8513 453.4825
P2649 0.9192 1144.4108 234.9165 1268.4681 231.7346 1274.2253 456.2019 1150.1680000000001 459.3837
P1042 0.1621 786.4713 183.771 978.2696 169.4895 992.5797 361.6725 800.7814 375.9539
P1042 0.0857 63.7138 1157.2531 147.6852 1105.3316 172.7481 1145.8652 88.7767 1197.7867
P1042 0.0522 135.4074 1204.4357 193.2588 1174.1954 213.4093 1212.7444 155.558 1242.9848
P1362 0.6842 824.381 1609.7919000000002 842.2753 1605.4971 850.3635 1639.1965 832.4692 1643.4913000000001
P1362 0.6719 801.77 1615.5116 820.5486 1611.7921999999999 826.7543 1643.124 807.9756 1646.8434
P0880 0.9858 406.0034 397.1298 532.8806 397.3334 532.5364 611.7372 405.6592 611.5336
P0880 0.9626 545.6484 395.4079 675.1922 403.0382 662.676 615.5338 533.1321 607.9035
P0880 0.6099 296.358 404.7585 387.2563 410.9775 376.8962 562.4044 285.9979 556.1854
P0880 0.1767 -9.1427 1670.7065 55.0253 1616.2741999999998 159.4778 1739.4089 95.3098 1793.8413
P0880 0.1622 898.9109 232.9475 1077.8225 238.7907 1066.7282 578.4829 887.8165 572.6396
P0880 0.0942 685.67 400.0851 805.8395 404.3725 798.1174 620.8128 677.9479 616.5255
P0880 0.058 1358.3902 1156.4636 1935.2947 1150.1934999999999 1940.124 1594.5308 1363.2195 1600.8009
P2684 0.1613 2373.8436 845.7463 2391.6606 844.4506 2393.8801 874.9712 2376.0632 876.2669
P2684 0.0883 2821.1873 1124.4593 2993.8813 1083.3582999999999 3017.8629 1184.1214 2845.1688 1225.2224
P2684 0.0594 2827.4543 716.1798 2848.8582 712.8474 2853.9052 745.2631 2832.5012 748.5955
P2679 0.0695 1248.8642 675.5529 1279.6352 677.1486 1278.9685 690.0032 1248.1976 688.4074
P2679 0.0693 1537.228 1175.5737 1559.7584000000002 1175.6848 1559.6169 1204.3728 1537.0865 1204.2617
P2679 0.0629 1798.134 127.6983 1857.0253 131.159 1853.3715 193.3353 1794.4802 189.8746
P2679 0.0625 1462.876 2933.0974 1623.2631999999999 2920.5046 1631.3245 3023.1769 1470.9373 3035.7697
P2679 0.0613 1231.3374 196.0678 1331.8705 196.3524 1331.6086 288.887 1231.0755 288.6024
P1734 0.0722 2663.5253 3082.3284 2728.3078 3072.7289 2741.6949 3163.073 2676.9124 3172.6724
P0877 0.5973 283.0347 873.1985 384.0367 909.2998 328.3536 1065.0863 227.3516 1028.9850000000001
P0877 0.3046 102.7045 800.2455 203.4368 844.5359 133.5287 1003.5322 32.7964 959.2418
P0877 0.2982 205.872 848.4438 295.4977 880.5647 241.0982 1032.3534 151.4725 1000.2325000000001
P0877 0.0646 223.9988 601.031 463.784 633.8024 439.4285 812.0098 199.6433 779.2384
P0877 0.0591 0.2299 794.0566 79.9639 799.5839 68.5134 964.7645 -11.2207 959.2372
P2763 0.1227 2909.7253 2099.0265 2977.8577 2102.6335 2976.0333 2137.0949 2907.9009 2133.4879
P2763 0.1158 3147.2587 2691.5388 3198.371 2692.15 3197.8023 2739.7164000000002 3146.69 2739.1053
P2763 0.114 2462.3959 4016.3065 2512.8777 4032.8992 2480.4875 4131.443 2430.0057 4114.8502
P2763 0.1038 5614.1815 1391.1183 5675.3755 1392.0504 5674.5189 1448.2878 5613.3249 1447.3557
P2763 0.0874 5003.3444 3239.2335000000003 5047.6646 3241.1962 5043.1293 3343.6112000000003 4998.8091 3341.6486
P2763 0.0764 5262.5301 4253.4391 5324.8787 4255.2544 5323.6346 4297.9852 5261.286 4296.1699
P2763 0.0719 4956.343 3739.4728 4995.8676 3740.9313 4992.7294 3825.9777 4953.2047999999995 3824.5192
P2763 0.0652 4922.8828 2475.3146 5059.733 2472.1678 5063.2192 2623.7759 4926.369 2626.9227
P2763 0.0576 5003.8668 3741.9004 5055.2137 3743.2128 5053.0236 3828.8997 5001.6767 3827.5873
P2763 0.056 5156.6295 3786.9501 5214.6876 3789.9177 5209.0598 3900.0197 5151.0016 3897.0521
P0501 0.9549 333.9995 165.3319 485.1565 311.6515 400.6217 398.981 249.4648 252.6614
P0501 0.9197 229.4934 269.1299 388.2462 416.5281 306.3488 504.7343 147.596 357.3361
P0992 0.2831 2158.9537 639.6912 2176.8109 629.3456 2194.3514 659.6215 2176.4943 669.9672
P0369 0.8891 781.1197 126.0989 916.0685 99.6469 963.4841 341.5447 828.5353 367.9967
P0369 0.8338 614.9171 160.5228 752.3585 141.4839 785.4069 380.0595 647.9655 399.0984
P2738 0.1236 1451.0563 436.2048 1464.229 445.4473 1446.6194 470.5449 1433.4467 461.3024
P2738 0.0588 1665.7415999999998 934.2983 1681.5135 937.4211 1674.5502000000001 972.5894 1658.7783 969.4666
P2345 0.0902 1305.2202 985.7261 1324.0588 976.083 1342.3363 1011.7896 1323.4977 1021.4327
P2486 0.2618 950.8313 2071.2795 979.6025999999999 2064.4938 985.043 2087.5612 956.2717 2094.3469
P0741 0.172 580.6857 788.4727 647.045 827.7009 626.9648 861.669 560.6055 822.4408000000001
P0134 0.7199 395.96 1406.9614000000001 450.3136 1405.7774 452.1405 1489.6508 397.7869 1490.8348
P0196 0.9215 1737.7646 459.6723 1853.4583 456.6428 1858.3799 644.5922 1742.6862 647.6218
P0196 0.8816 1605.5298 458.3459 1724.2374 457.731 1725.2291 649.1602 1606.5214999999998 649.7751
P0196 0.8725 1599.0133 268.8905 1716.6278 265.5296 1721.996 453.385 1604.3815 456.746
P0196 0.872 1736.2888 266.0667 1853.56 265.466 1854.527 454.2309 1737.2558 454.8316
P2165 0.0745 1195.3839 625.3831 1236.2579 626.7657 1232.195 746.8847 1191.321 745.5021
P1442 0.983 793.1686 755.5529 851.2977 754.8246 852.5612 855.6794 794.4321 856.4077
P1442 0.9811 726.3939 879.2777 780.7262000000001 877.3782 784.1622 975.6589 729.8298 977.5584
P1442 0.9806 655.3936 758.679 708.0576 756.3898 712.1622 850.8174 659.4982 853.1066
P1442 0.9785 710.2685 1034.3446 758.3732 1035.6811 755.7567 1129.8582000000001 707.6521 1128.5218
P1442 0.9784 774.2619 1034.0462 830.7857 1034.4944 830.0492 1127.3605 773.5254 1126.9123
P1442 0.9774 734.1314 1143.6009 782.6284 1143.8344 782.1489 1243.4529 733.6519 1243.2195
P1442 0.9732 658.7461 878.2971 709.6158 877.8063 710.5064 970.114 659.6367 970.6048000000001
P1442 0.9715 800.8284 1143.8381 853.2972 1144.0205 852.9511 1243.6022 800.4823 1243.4198000000001
P1442 0.9659 726.7126 759.1166 779.4054 755.765 785.9055 857.9575 733.2127 861.3091
P1442 0.9443 794.5203 880.4307 847.181 877.9338 851.7693 974.7032 799.1086 977.2
P1442 0.5484 88.8693 1203.6506 205.2806 1201.9258 208.8935 1445.7775000000001 92.4823 1447.5023
P1442 0.0722 659.0817 494.4925 1014.5451 511.1189 1004.4109 727.7822 648.9476 711.1558
P1442 0.0638 437.9503 779.3704 480.7879 781.3519 476.6712 870.3508 433.8336 868.3693
P1442 0.0621 499.6419 756.5125 546.3059 757.0228 545.2479 853.7693 498.584 853.2591
P1442 0.0558 527.7706 1790.1334000000002 553.8245 1791.205 551.9628 1836.4697999999999 525.9089 1835.3982999999998
P1442 0.0501 859.7673 898.6288 908.0885 886.2792 925.7407 955.3483 877.4194 967.6979
P2694 0.1776 2602.1802 1993.3206 2624.1588 2000.9275 2607.9171 2047.8546999999999 2585.9385 2040.2478
P2694 0.1127 2553.8582 1305.9707 2572.0563 1315.5161 2560.7907 1336.9937 2542.5926 1327.4483
P2694 0.0966 2637.6159 1997.7457 2661.8214 2008.5882000000001 2637.3094 2063.3096 2613.1039 2052.4671
P2694 0.0504 159.2324 1392.5636 179.527 1381.4405 205.9226 1429.6007 185.628 1440.7238
P0092 0.8911 1849.5203999999999 390.4781 1968.5446 391.165 1967.4511 580.6431 1848.4269 579.9562
P0092 0.8336 1724.3231 380.3608 1851.5184 391.1449 1835.2219 583.3569 1708.0266000000001 572.5728
P0092 0.8285 1853.0551 611.6149 1967.925 617.2978 1958.4583 808.6518 1843.5885 802.9689
P0092 0.8153 1716.7983 604.3237 1837.3174 609.7773 1828.563 803.2398 1708.0439000000001 797.7862
P0092 0.7594 1979.5524 385.7934 2103.5754 385.4452 2104.1182 578.7496 1980.0951 579.0978
P0092 0.7154 1977.7905 617.7067 2097.4557 619.8765 2093.9716 812.0366 1974.3063 809.8668
P1423 0.0634 1119.8564999999999 2037.5774999999999 1228.6661 2059.4816 1193.4578000000001 2234.3806 1084.6482 2212.4764
P1423 0.0594 528.458 658.201 631.0004 692.5236 587.4014 822.7804 484.859 788.4579
P0132 0.9824 635.7914 272.5022 806.2868 280.8052 801.4183 380.7746 630.9229 372.4716
P0132 0.9696 850.4211 406.2618 1029.4106 408.7623 1028.145 499.3579 849.1554 496.8575
P0132 0.9632 621.1217 397.1632 803.8777 404.0886 799.9075 508.8619 617.1514 501.9366
P0132 0.956 849.3015 647.2142 1022.9324 652.6716 1019.856 750.5481 846.2252 745.0908
P0132 0.9546 857.8971 280.0584 1025.693 279.8025 1025.8385 375.1714 858.0426 375.4273
P0132 0.9441 620.7834 521.9098 793.3779 523.4269 792.4431 629.7853 619.8485 628.2682
P0132 0.8893 851.3515 523.7015 1022.1794 536.6437 1015.15 629.4268 844.3221 616.4846
P0132 0.8589 630.0662 642.2797 797.7581 656.0652 790.3499 746.1813 622.658 732.3958
P2398 0.0726 1371.2068 90.1429 1429.7812 135.4507 1346.5167999999999 243.096 1287.9424 197.7882
P1197 0.0738 874.7278 333.9196 984.475 394.5155 897.866 551.3757 788.1188 490.7798
P0356 0.9743 372.2259 96.5005 490.1272 72.9383 527.6055 260.474 409.7041 284.0361
P0356 0.9594 221.2836 120.8594 334.4491 99.2281 368.4724 277.2237 255.3069 298.8549
P2589 0.0571 620.1251 1592.2987 725.9271 1547.9714 745.6688 1595.0914 639.8667 1639.4188
P2589 0.0551 995.6151 750.1735 1268.6469 976.3148 1009.1946 1289.5648 736.1627 1063.4234000000001
P0462 0.9884 349.8295 819.1658 557.7538 791.7615 573.051 907.8258 365.1267 935.2301
P2717 0.0509 761.1886 447.2509 773.9474 449.9509 770.2435 467.4537 757.4847 464.7538
P2361 0.8703 551.7496 1908.533 589.65 1871.9667 608.954 1891.9751999999999 571.0536 1928.5414
P2361 0.0541 146.9422 421.7096 186.2424 383.248 260.6673 459.2957 221.3671 497.7572
P2268 0.117 115.4371 603.3983 138.3116 586.3701 170.7004 629.879 147.8259 646.9072
P0048 0.0676 641.8056 695.0525 671.9423 668.2463 728.7204 732.0786 698.5837 758.8848
P1936 0.9973 285.5622 680.5398 341.1072 659.2773 375.9492 750.2968 320.4041 771.5592
P1936 0.9958 346.9636 655.9028 403.9083 635.6575 436.2443 726.6104 379.2996 746.8557
P1936 0.9912 406.3423 632.41 461.4482 609.8225 498.6417 700.5618 443.5358 723.1493
P1936 0.9709 222.4525 705.8428 275.9494 682.318 316.7464 775.0929 263.2495 798.6177
P1324 0.1024 873.3634 3937.1721 892.4732 3925.5164999999997 912.8989 3959.0052 893.7891999999999 3970.6608
P1270 0.4261 2831.8706 460.8931 2864.4632 482.5759 2852.784 500.1315 2820.1914 478.4488
P1270 0.1772 2820.8193 480.2821 2854.5804 500.764 2844.2432 517.8031 2810.4821 497.3212
P1270 0.0794 538.5524 459.8466 555.5712 471.437 533.4484 503.921 516.4297 492.3306
P2806 0.9672 420.7432 285.8789 529.082 297.663 505.4985 514.4808 397.1597 502.6967
P2806 0.2814 336.6907 282.8369 413.9574 288.7135 398.5243 491.6339 321.2576 485.7574
P2767 0.0955 614.2285 1180.128 823.4162 1355.5683 775.9612 1412.1517 566.7735 1236.7114000000001
P2767 0.0716 30.7749 419.9231 45.6317 405.8516 93.5688 456.4638 78.712 470.5353
P0955 0.0576 2103.9609 827.0847 2146.5992 811.7639 2165.6372 864.7471 2122.9989 880.0679
P0812 0.065 68.5365 -8.2921 104.7442 26.912 37.2612 96.3189 1.0535 61.1148
P1008 0.6465 3461.847 1738.7382 3522.1556 1735.7224 3526.8623 1829.8431 3466.5537 1832.859
P1008 0.2097 5780.5935 1556.1191 5801.1052 1554.6296 5803.5741 1588.6303 5783.0625 1590.1198
P1163 0.0533 3922.7084999999997 608.8611 3968.9778 635.4068 3926.1663 710.0278 3879.897 683.4821
P2556 0.151 1138.43 509.0875 1178.8567 475.9802 1228.2545 536.299 1187.8278 569.4062
P2556 0.1073 1258.8966 3104.6193 1396.6799999999998 3037.9427 1426.9558 3100.5059 1289.1724 3167.1824
P2556 0.0871 2117.3495 1822.3482 2161.0208000000002 1792.8141 2196.9083 1845.8799 2153.2369 1875.414
P2556 0.0709 78.1342 4259.8879 152.5789 4242.1063 166.2454 4299.3232 91.8007 4317.1047
P0678 0.0545 1816.1314 921.2461 1849.5504 920.0408 1851.2467 967.0723 1817.8277 968.2776
P1873 0.0906 918.7499 349.5656 1013.3657 343.5807 1016.3525 390.7996 921.7368 396.7845
P1175 0.0737 1783.075 488.7524 1827.425 463.4674 1839.7655 485.1127 1795.4155 510.3977
P1175 0.0564 999.8758 4981.7672 1038.7942 4986.2308 1036.392 5007.1753 997.4736 5002.7117
P1520 0.1195 1416.1716000000001 2050.6937 1437.336 2048.2875 1442.98 2097.9313 1421.8156 2100.3375
P1520 0.0933 2607.8883 3520.5692 2628.4999 3528.1295 2613.556 3568.8704 2592.9444 3561.3101
P2643 0.0693 5117.6157 3635.1573 5245.5472 3634.4114 5246.1725 3741.6602 5118.241 3742.4061
P2643 0.0544 5010.0408 3552.1285 5131.8546 3547.5281 5135.9312 3655.4733 5014.1174 3660.0737
P2643 0.0505 6317.202 1318.459 6334.1771 1329.6396 6313.6636 1360.7842 6296.6885 1349.6035000000002
P1503 0.1072 954.6441 899.3786 1003.7327 888.8051 1019.1193 960.2396 970.0307 970.813
P0635 0.0734 1218.9781 1053.7579 1240.042 1053.3862 1240.7956 1096.0851 1219.7317 1096.4568
P2431 0.0551 1150.8346999999999 860.9088 1162.5931 856.3859 1169.0982 873.2974 1157.3398 877.8203
P0628 0.1323 523.7036 447.7202 605.0975000000001 445.051 606.3247 482.4727 524.9308 485.1419
P0195 0.064 754.6204 267.1535 818.3105 203.6982 852.7604 238.2756 789.0703 301.7309
P2567 0.0608 5.9614 735.0896 539.6184 483.7675 667.3848 755.0665 133.7278 1006.3885
P2567 0.0587 960.1379999999999 984.9647 993.5808999999999 960.5692 1031.3694 1012.3724 997.9265 1036.7678
P0137 0.074 2545.8078 270.144 2595.4533 250.1104 2639.6408 359.6117 2589.9953 379.6453
P1855 0.1747 2415.2564 137.3846 2520.3042 75.1609 2561.4293 144.5892 2456.3815 206.813
P1855 0.0968 2542.1318 141.9096 2618.5093 192.007 2559.4467 282.0528 2483.0692 231.9553
P1855 0.0689 2425.8231 1.812 2506.6041 52.4187 2446.8481 147.8044 2366.067 97.1976
P1855 0.0534 812.0361 673.3464 1429.5566 229.6141 1718.3174 631.4684 1100.7969 1075.2007
P1411 0.1265 1955.8919 1618.5399 1986.4866 1626.3427000000001 1978.3152 1658.3823 1947.7206 1650.5794
P1813 0.0624 774.1154 1153.8384 1078.1535 872.5535 1532.3159 1363.4531 1228.2778 1644.738
P1813 0.0524 246.3145 1394.5632 642.8477 1083.9926 1045.3163 1597.8600999999999 648.7831 1908.4308
P1862 0.8276 223.5558 1892.7926 430.3909 1957.2412 389.8185 2087.4505 182.9834 2023.0019
P1862 0.7018 245.6367 1734.6705 477.1777 1797.8982 443.0771 1922.7755 211.5361 1859.5478
P1862 0.0633 367.8591 1698.9977 811.5591 1756.5693 748.1236 2245.4622 304.4236 2187.8905999999997
P1244 0.1015 2570.6838 2236.7179 2597.592 2263.376 2583.8514 2277.2455 2556.9432 2250.5873
P2711 0.1214 539.0293 591.536 583.2969 597.5214 578.2787 634.6362 534.011 628.6509
P1735 0.0828 498.1953 1390.7558 524.1104 1382.7392 536.1117 1421.5355 510.1966 1429.5520999999999
P1735 0.0567 3673.3543 4149.0909 3718.444 4151.3359 3715.9073 4202.2865 3670.8176 4200.0416000000005
P1407 0.12 5902.6704 1135.5403000000001 5935.3104 1127.7185 5946.5875 1174.7778 5913.9475 1182.5996
P1817 0.0871 1341.3452 203.7082 1400.1806000000001 254.777 1244.8516 433.7285 1186.0162 382.6597
P1889 0.059 519.8182 351.9354 585.1328 356.167 582.8419 391.5256 517.5274 387.294
P2648 0.9695 1565.4307 1092.7112 1683.3499000000002 1092.039 1684.5554 1303.5244 1566.6362 1304.1965
P2648 0.9659 1568.7576 1333.8907 1688.8193999999999 1327.1309999999999 1700.1903 1529.0949 1580.1285 1535.8546000000001
P2648 0.9637 1550.7902 848.5638 1672.5815 842.5346 1683.5439000000001 1063.9769000000001 1561.7526 1070.0061
P2648 0.9609 1533.3862 365.2447 1654.0714 357.8202 1668.1227 586.2219 1547.4375 593.6465
P2648 0.9561 1545.2017 605.1213 1662.8254 599.3021 1673.7786 820.6965 1556.1548 826.5158
P2648 0.9496 1408.1568 370.268 1531.0032 365.1503 1540.2482 587.0692 1417.4018 592.1869
P2648 0.9405 1453.2856000000002 1330.8853 1568.1249 1332.0038 1566.1879 1530.8869 1451.3486 1529.7684
P2648 0.9219 1437.9026 1095.5083 1556.3798000000002 1093.0678 1560.7512000000002 1305.2772 1442.274 1307.7177000000001
P2648 0.8744 1679.4464 844.5413 1791.7161999999998 840.6751 1799.3157 1061.3552 1687.0459 1065.2214
P2648 0.8441 1430.1832 850.923 1548.5607 847.2915 1555.1404 1061.7694999999999 1436.7629 1065.4011
P2648 0.7732 1427.6356 603.2814 1544.2087000000001 601.3193 1547.9940000000001 826.2197 1431.421 828.1818
P2648 0.7404 1663.9861 609.8332 1768.1392 600.9089 1786.0576 810.0318 1681.9045 818.9561
P2648 0.5436 1667.1365 377.5031 1766.2251999999999 377.4274 1766.3725 570.0302 1667.2838000000002 570.106
P2648 0.5033 1689.5406 1098.9999 1780.2331 1096.6665 1785.2735 1292.5781 1694.5810000000001 1294.9115000000002
P2648 0.3419 1699.9753 1321.5682000000002 1810.6606000000002 1324.7618 1805.3563 1508.6003 1694.671 1505.4066
P2648 0.0993 794.134 82.9805 927.6078 84.8046 926.1823 189.1232 792.7084 187.2991
P0498 0.0604 617.2574 104.8119 694.397 69.8879 712.6789 110.2687 635.5392 145.1927
P2276 0.0995 619.1781 320.6007 690.6404 250.376 728.1168 288.513 656.6545 358.7376
P2276 0.0644 567.06 566.8635 586.6053 562.416 594.5711 597.4234 575.0258 601.8708
P1334 0.1149 1155.1712 2381.8087 1174.4268 2378.6483 1180.0573 2412.9534 1160.8018 2416.1138
P1334 0.0787 1173.4989 2379.3038 1195.0025 2376.2803 1199.3501 2407.2012 1177.8464 2410.2246999999998
P0560 0.1759 749.6979 859.1619 774.728 861.7796 769.9705 907.2708 744.9404 904.6531
P2174 0.8686 774.5244 455.324 871.3863 451.8302 873.4314 508.5288 776.5695 512.0226
P2174 0.8369 773.1056 523.4298 873.4614 522.5145 874.0344 585.3401 773.6786 586.2554
P2174 0.73 553.1256 742.0545 668.1512 750.3018 664.525 800.8765 549.4994 792.6292
P2174 0.7099 768.3872 599.204 868.9941 602.0664 867.5028 654.4832 766.8959 651.6208
P2174 0.1749 569.8649 854.1998 660.1974 856.8969 658.6899 907.389 568.3574 904.6918
P2174 0.1744 874.0588 588.969 916.8792 591.168 913.3195 660.4845 870.4991 658.2855
P2174 0.0708 153.1851 431.6604 172.593 430.1841 175.7791 472.0679 156.3713 473.5443
P2174 0.0624 137.5586 436.2196 152.405 434.5049 156.9923 474.2238 142.1458 475.9384
P2564 0.0511 856.5152 967.3318 873.3202 966.9113 873.7009 982.1267 856.8959 982.5472
P1664 0.0634 1234.914 3892.6666999999998 1348.1216 3780.4141 1416.4205 3849.2939 1303.2129 3961.5466
P2782 0.9449 1901.4701 350.2606 2020.9039 349.4164 2022.3434 553.0781 1902.9095 553.9222
P2263 0.6315 522.6459 428.1277 572.6993 475.8433 541.7905 508.2664 491.7371 460.5508
P2263 0.054 1376.0958 1234.079 1418.591 1234.6616 1418.1142 1269.4409 1375.6190000000001 1268.8582999999999
P2511 0.2109 771.6213 2365.8945 797.9666 2391.8024 786.4126 2403.5515 760.0673 2377.6436
P2511 0.1213 1281.3514 2190.5676 1304.3184 2190.9719999999998 1303.5086999999999 2236.9579 1280.5417 2236.5535
P2511 0.083 1254.6937 2253.1052 1282.7919 2249.4896 1287.5416 2286.4022 1259.4434 2290.0177
P2410 0.8104 247.0044 556.8969 271.7242 557.3007 270.8034 613.6664 246.0836 613.2626
P2410 0.2073 249.4978 614.8789 271.3249 613.8231 273.3747 656.198 251.5476 657.2538
P2410 0.1129 503.387 610.1953 528.1964 609.8141 528.9997 662.1044 504.1904 662.4855
P2410 0.0612 945.7056 219.2691 972.2753 217.0833 976.6113 269.7895 950.0416 271.9753
P2410 0.0569 941.1362 392.3252 974.8245 396.946 967.6111 449.5349 933.9228 444.914
P2410 0.0501 351.6801 327.8582 396.9764 326.2376 398.0415 356.0079 352.7451 357.6284
P2341 0.7288 624.6096 292.731 647.1212 307.5267 619.9232 348.9085 597.4116 334.1129
P2341 0.6667 603.2332 281.3535 622.7252 294.6274 597.8781 331.114 578.3861 317.8401
P2341 0.4569 580.9666 263.366 601.1863 277.9233 574.1376 315.493 553.918 300.9357
P2341 0.0838 651.2529 312.7354 667.5746 326.7757 638.6544 360.3951 622.3326 346.3548
P2341 0.0512 1469.3438999999998 1460.1013 1494.9548 1460.5801999999999 1493.8885 1517.6068 1468.2776 1517.1279
P2461 0.1691 405.9034 1813.4353 440.4243 1819.9926 432.4336 1862.0598 397.9127 1855.5025
P2383 0.0665 413.1643 359.9468 490.3942 286.2165 532.9988 330.8434 455.769 404.5737
P2340 0.0624 661.6954 725.6619 679.7252 733.5225 662.5251 772.9739 644.4953 765.1132
P0663 0.0756 1159.0627 512.472 1236.9509 478.4161 1251.7055 512.1609 1173.8173000000002 546.2169
P2596 0.0532 1219.1097 922.5367 1350.0686 918.4918 1358.8987 1204.3759 1227.9398 1208.4207000000001
P0485 0.0605 80.5633 423.0665 129.0945 449.3314 95.3848 511.6187 46.8537 485.3539
P0802 0.6458 96.7993 116.445 218.7327 141.6258 176.5265 346.0021 54.5931 320.8213
P0802 0.0604 6.2819 101.2907 91.0218 112.3192 66.2084 302.9784 -18.5315 291.9498
P1668 0.0618 2262.548 3412.0727 2322.9374 3401.4498 2334.822 3469.0115 2274.4326 3479.6345
P1229 0.0564 3909.7891 2375.6498 3930.4494999999997 2371.459 3938.4035 2410.6711999999998 3917.7432 2414.8621000000003
P1500 0.3765 3602.2841 219.1218 3675.3419 263.4579 3646.7771000000002 310.5275 3573.7192 266.1914
P0834 0.9917 1040.9974 298.4069 1229.8690000000001 277.9964 1243.1455 400.8527 1054.2739000000001 421.2632
P0834 0.9696 1004.0075 175.3733 1201.9772 152.0771 1215.3353 265.5926 1017.3655 288.8888
P0834 0.1568 987.3444 55.5554 1137.5162 45.0702 1144.7428 148.5704 994.5709 159.0556
P1677 0.1305 1253.3496 3731.8113 1429.7817 3694.6135 1447.1201999999998 3776.8514 1270.6881 3814.0492
P2391 0.0741 2235.3223 1655.825 2265.8111 1654.6014 2267.4568 1695.6071 2236.968 1696.8307
P2376 0.0516 1395.5148 972.1975 1406.8739 963.4446 1425.7261 987.9103 1414.3669 996.6631
P0165 0.0507 1666.8314 3363.0468 1689.4605000000001 3367.9118 1686.8895 3379.8707 1664.2604000000001 3375.0057
P1865 0.0692 1074.2908 4618.3604 1157.99 4606.4287 1164.3688 4651.1754 1080.6696 4663.107
P0674 0.9921 299.3588 249.7488 466.6003 317.7611 427.4161 414.1146 260.1746 346.1023
P0674 0.987 349.305 139.2205 507.773 217.2413 466.6287 300.8097 308.1606 222.7889
P0674 0.9679 248.7972 372.5156 423.199 423.5831 394.0367 523.176 219.6349 472.1085
P0674 0.9678 383.7191 31.764 551.9624 89.5596 518.6663 186.4845 350.4231 128.689
P1629 0.076 1287.6327999999999 2893.108 1317.1142 2868.2183 1330.6177 2884.2129 1301.1363000000001 2909.1026
P0148 0.0508 346.81 508.2539 449.144 514.0322 446.6115 558.8845 344.2774 553.1062
P2487 0.054 194.0664 1959.6467 255.7394 1947.5262 262.8107 1983.5074 201.1377 1995.6279
P0996 0.0605 393.3654 1935.6478 448.3718 1946.212 439.7856 1990.9189000000001 384.7792 1980.3546000000001
P0500 0.0899 924.4875999999999 206.8947 1267.1219 444.2657 934.1732 924.8618 591.539 687.4908
P2161 0.0522 1273.9333 1110.2462 1304.5889 1114.2374 1299.5049 1153.286 1268.8494 1149.2948000000001
P2703 0.0643 3273.3499 1505.5761 3301.6564 1506.0981 3301.1194 1535.2137 3272.813 1534.6917
