P0866 0.1629 591.8077000000001 151.4856 912.4919 396.7742 463.211 984.1527 142.5269 738.8641
P2589 0.4227 786.0208 910.0418999999999 1146.784 803.2741 1230.758 1087.0184 869.9947999999999 1193.7862
P2643 0.6691 6325.2929 1809.5707 6504.5193 1974.6276 6397.088 2091.2816000000003 6217.8615 1926.2247
P2643 0.085 1724.0903 5390.4579 2083.5304 5518.8583 2024.9735 5682.7808 1665.5333 5554.3803
P2715 0.3237 3032.2084 196.7152 3075.6753 195.6602 3077.6265 276.0513 3034.1596 277.1063
P2715 0.3061 2738.6019 42.9038 2758.9705 56.8378 2734.4404 92.6959 2714.0717 78.7619
P2715 0.192 736.682 2086.2509 773.3564 2059.7018 785.1373 2075.9755999999998 748.4629 2102.5248
P2715 0.166 3164.5533 996.2944 3188.0780999999997 995.5826 3189.2726000000002 1035.0615 3165.7479 1035.7733
P2715 0.1597 2300.6758 1870.5893 2319.7734 1866.8768 2328.9341 1914.0011 2309.8365 1917.7136
P2715 0.1424 3729.2607 1081.0529000000001 3771.1091 1078.3344 3776.1476000000002 1155.8929 3734.2992 1158.6115
P2715 0.0914 1467.2064 147.0162 1504.1909 136.085 1526.3584 211.0856 1489.3739 222.0169
P2715 0.0834 3399.6301 42.0153 3423.0305 41.8885 3423.1684999999998 67.339 3399.7681000000002 67.4658
P2715 0.0812 756.0146 756.0655 778.7446 737.6905 791.1478 753.0333 768.4178 771.4083
P2715 0.0583 1460.2139 905.5673 1476.748 903.0539 1479.5884999999998 921.7402 1463.0544 924.2536
P1120 0.056 403.305 115.9275 585.3904 55.3967 679.3513 338.0441 497.2658 398.5749
P0092 0.1677 1981.4307 385.6412 2103.7293 385.8411 2103.4144 578.5368 1981.1157 578.3369
P0092 0.1218 1979.0158999999999 618.0025 2098.9909 618.7487 2097.773 814.5555 1977.798 813.8093
P0092 0.0893 411.8683 1208.8586 608.2589 1198.5992 620.8006 1438.6788000000001 424.4099 1448.9382
P0092 0.0721 1377.6108 1224.4274 1585.2149 1240.5901 1568.2191 1458.8967 1360.6149 1442.7341000000001
P0092 0.0693 958.7365 384.4232 1341.3818 388.3023 1335.7042999999999 948.3475 953.059 944.4684
P0092 0.0517 1710.159 609.2457 1833.4093 609.6339 1832.8048 801.5338 1709.5545 801.1456
P2360 0.0839 2375.1376 172.7422 2421.1045 131.005 2489.6994999999997 206.5515 2443.7327 248.2887
P1248 0.12 1076.078 3429.3467 1195.6823 3429.4371 1195.516 3649.5042 1075.9117 3649.4138000000003
P1248 0.075 2909.9091 3606.0043 2965.2051 3601.8481 2968.7928 3649.581 2913.4969 3653.7372
P1248 0.0681 3200.1533 2593.9192 3317.4435 2592.9318 3319.2628 2809.0157 3201.9725 2810.0031
P1248 0.0592 3589.6059999999998 2482.9614 3613.967 2483.2108 3613.3804 2540.5185 3589.0194 2540.2692
P2567 0.4341 118.1987 667.9122 553.1722 485.7446 666.5559 756.4783 231.5824 938.6459
P2567 0.1349 784.6547 978.4571 815.6149 1008.8295 790.0312 1034.9083 759.071 1004.536
P2567 0.0879 807.6596 409.1173 1216.9996 346.3517 1290.0131999999999 822.5273 880.6732999999999 885.2928
P2567 0.0738 76.6201 52.4735 331.8866 76.5758 301.6119 397.2142 46.3454 373.1119
P0135 0.4358 918.3033 1238.067 1152.6837 1206.2473 1185.8235 1450.3509 951.4431 1482.1707000000001
P0135 0.1548 1567.0097 1424.3669 1789.368 1541.8387 1632.1967 1839.3429 1409.8384 1721.8712
P1383 0.4995 2332.1191 3620.2844 2561.9761 3604.4794 2594.0944 4071.5865 2364.2373 4087.3914999999997
P1383 0.1472 2101.2776 3678.7384 2279.7853999999998 3657.0059 2335.6714 4116.0446 2157.1636 4137.7771
P1383 0.0521 1230.621 4528.1761 1250.2247 4517.979 1277.0081 4569.4692 1257.4044 4579.6664
P1237 0.0841 -5.9094 1664.7618 40.6181 1648.247 82.3695 1765.874 35.8421 1782.3889
P1613 0.1336 1686.8776 3074.2476 1741.2209 3114.6785 1686.0783999999999 3188.7957 1631.7350999999999 3148.3648
P1447 0.7367 1269.8879 629.2535 1518.6212 570.2482 1608.5935 949.5206 1359.8602 1008.526
P1447 0.5982 320.616 1620.2774 554.0182 1634.2893 540.8033 1854.4163 307.4011 1840.4043000000001
P1447 0.1141 699.5069 1017.3808 741.919 1017.0331 742.6232 1102.9123 700.2111 1103.2601
P1447 0.0966 499.7274 1013.8585 542.6915 1014.1049 542.1968 1100.3652 499.2326 1100.1187
P1447 0.0933 496.5088 1148.905 543.0774 1149.7927 541.4418 1235.5908 494.8732 1234.7031
P1447 0.0845 829.3821 1152.5243 872.8788 1152.9413 872.0026 1244.3417 828.5059 1243.9247
P1447 0.0556 501.2664 1264.2577999999999 714.7195 1266.2606 712.7904 1471.851 499.3374 1469.8481000000002
P1447 0.0544 567.92 1151.1938 612.2379 1152.0244 610.6284 1237.903 566.3104 1237.0724
P2041 0.0605 900.7082 1627.6768 973.5047 1681.4829 950.1739 1713.0481 877.3774 1659.2419
P2041 0.0527 754.0733 1811.4042 794.3357 1828.6232 782.3282 1856.7 742.0657 1839.4809
P1039 0.0594 330.3096 77.5373 520.859 54.707300000000004 530.6614 136.52280000000002 340.112 159.3528
P2568 0.186 617.3782 869.2072000000001 1139.4095 831.8437 1171.7445 1283.618 649.7130999999999 1320.9814999999999
P2568 0.0585 792.2296 1226.6707000000001 1335.2719 1207.8728 1349.6887000000002 1624.3501 806.6464000000001 1643.1480999999999
P2292 0.2183 1143.347 498.7515 1173.7103 495.0816 1177.9398999999999 530.0755 1147.5765000000001 533.7454
P0051 0.946 2969.9072 2373.9789 3308.6129 2216.4267 3423.5107 2463.434 3084.8051 2620.9863
P0051 0.9226 2574.7488 1158.8715 2689.0291 1061.0766 2755.3026 1138.5219 2641.0223 1236.3168
P0051 0.893 1170.6549 1226.6206 1495.2463 1269.0185999999999 1456.6067 1564.8359 1132.0154 1522.4379
P0051 0.8766 3796.3466 2978.2336999999998 3886.1192 2952.4907 3924.3449 3085.7938 3834.5723 3111.5367
P0051 0.8623 2746.0356 3117.3545 3032.4471 3033.6037 3136.7686 3390.3629 2850.3572 3474.1137
P0051 0.8568 1682.5781 4460.7244 1920.3145 4375.9201 2057.3698 4760.1346 1819.6335 4844.9388
P0051 0.8557 505.7289 2624.6507 604.0528 2587.398 655.2729 2722.5868 556.949 2759.8395
P0051 0.8248 1715.2309 955.9818 2026.9072 1020.9012 1967.7595000000001 1304.8678 1656.0832 1239.9485
P0051 0.7229 1134.0254 1201.9227 1269.6542 1152.4457 1300.6913 1237.5261 1165.0624 1287.0031
P0051 0.5755 2470.2039 1041.0731 2498.89 1028.4171000000001 2515.8089 1066.7656 2487.1228 1079.4216000000001
P0051 0.5389 559.0413 2756.5254 656.0424 2725.2366 701.8325 2867.1942 604.8314 2898.483
P0051 0.4096 2655.893 1166.0432 2783.5588 1217.5923 2729.7719 1350.8005 2602.1061 1299.2514
P0051 0.2884 1196.0191 4260.3614 1523.8154 4141.4798 1605.9960999999998 4368.0797 1278.1999 4486.9612
P0051 0.2155 2624.8888 3577.6234 3375.2859 3512.4854 3430.1774 4144.8422 2679.7804 4209.9802
P0051 0.2131 3211.9825 4583.1621 3719.3021 4153.4976 4027.596 4517.5108 3520.2765 4947.1753
P0051 0.2036 2551.1437 2535.6383 2955.3568 2577.8131 2901.8076 3091.041 2497.5945 3048.8661
P0051 0.1858 2559.7489 3385.2939 2663.5824000000002 3380.2927 2670.2025 3517.7386 2566.369 3522.7398
P0051 0.159 2898.5164 4607.8224 3185.3862 4891.6019 2756.862 5324.7926 2469.9923 5041.0131
P0051 0.1528 3332.0015 2918.8303 3662.5951 2826.2528 3752.5725 3147.5617 3421.9789 3240.1392
P0051 0.1501 4124.1226 3758.3574 4328.2312 3883.2314 4189.4799 4110.0228 3985.3712 3985.1486999999997
P0051 0.1433 1089.3229999999999 3569.8814 1691.0872 3704.2965 1589.8908999999999 4157.3434 988.1267 4022.9283
P0051 0.1383 3977.2376 2647.8659 4211.8289 2625.9319 4233.7466 2860.349 3999.1553 2882.2831
P0051 0.1369 1263.2424 1164.6425 1398.2701 1088.3036 1443.5908 1168.4667 1308.5631 1244.8055
P0051 0.128 3361.6041 3407.4877 3476.6673 3380.6413000000002 3511.1521000000002 3528.4424 3396.0888 3555.2888
P0051 0.1243 3834.2678 4681.0199 4399.1924 4436.0276 4539.1875 4758.8407 3974.263 5003.8329
P0051 0.1158 1281.5436 4462.6823 1718.2788 4431.1516 1753.4063999999998 4917.7074 1316.6711 4949.2381000000005
P0051 0.1153 104.267 741.1812 233.0969 686.9312 284.6642 809.3904 155.8343 863.6403
P0051 0.1055 1049.6417 2975.4142 1440.4117 3242.4467 1204.1139 3588.2403999999997 813.3438 3321.2079
P0051 0.0943 2192.1357 4251.6176 2589.6013000000003 4202.5675 2650.8134 4698.584 2253.3478 4747.6342
P0051 0.0932 1596.4483 2900.4710999999998 2016.4182 2750.6683 2213.7209000000003 3303.8032 1793.751 3453.6059999999998
P0051 0.0857 2717.5231 4694.8576 2822.7405 4651.9733 2878.5511 4788.9057 2773.3337 4831.79
P0051 0.0856 2085.046 1751.9333 2665.8068 1782.4567 2637.1443 2327.8098 2056.3835 2297.2862999999998
P0051 0.0833 372.2612 1629.9436 982.8217 1704.3096 925.6104 2174.0271000000002 315.0498 2099.6611
P0051 0.0819 757.9355 3168.4805 938.2026 3184.3856 921.3222 3375.7065000000002 741.0551 3359.8014
P0051 0.0814 2660.6054 1508.408 3058.7697 1306.9592 3275.7006 1735.7238 2877.5362999999998 1937.1726
P0051 0.073 1635.515 4061.5134 1796.5632 4037.2628999999997 1835.1828 4293.7361 1674.1346 4317.9866
P0051 0.0721 2371.4226 3574.8215 2453.3280999999997 3546.4556000000002 2466.4963 3584.4782 2384.5908 3612.8442
P0051 0.0708 124.8328 641.891 595.7208 576.0995 646.264 937.8516 175.376 1003.6431
P0051 0.0684 2102.6482 996.7601 2131.687 977.0522 2155.7783 1012.5497 2126.7395 1032.2576
P0051 0.064 2032.1505 4528.1363 2229.4334 4453.0181 2345.2505 4757.1887 2147.9677 4832.3068
P0051 0.0631 1571.1911 2843.1684999999998 1742.5238 2914.8529 1669.8561 3088.5358 1498.5234 3016.8514
P0051 0.0617 2225.8699 837.0117 2256.8146 825.2461 2271.6828 864.351 2240.7381 876.1166
P0051 0.0599 4132.8024 3257.206 4378.4025 3165.1095 4451.1235 3359.0397000000003 4205.5234 3451.1362
P0051 0.055 3294.1177 1276.5947 3560.9202999999998 1085.1228 3919.587 1584.8996 3652.7844999999998 1776.3715
P0051 0.0545 1896.5418 1777.8749 1935.2108 1765.4717 1959.093 1839.9285 1920.424 1852.3317
P0051 0.0537 1886.81 2625.7456 1921.2171 2608.7291 1948.4099 2663.7125 1914.0028 2680.7290000000003
P0051 0.0532 3590.0607 2950.4016 4039.3444 3036.3463 3927.0248 3623.5067 3477.7411 3537.5618999999997
P0051 0.0529 1420.116 3645.0587 1564.1109999999999 3584.0636 1628.4274 3735.8993 1484.4323 3796.8943
P0051 0.052 2331.6617 3466.4814 2417.7513 3441.3102 2428.1353 3476.8251 2342.0457 3501.9963
P0137 0.3107 4192.1049 4042.3028 4265.5704 4056.9089 4241.1332999999995 4179.8218 4167.6678 4165.2158
P0137 0.1938 639.4563 834.9385 856.5609 837.326 853.5778 1108.587 636.4732 1106.1994
P0137 0.1628 2821.0656 3381.3868 3027.4072 3397.8069 3010.8876 3605.3999 2804.5459 3588.9799
P0137 0.1558 1775.8473 684.1037 2032.513 658.6619 2054.9431 884.9445 1798.2773 910.3864
P0137 0.1511 2529.5204 257.9421 2612.1872 231.5689 2653.2057 360.1414 2570.5389 386.5146
P0137 0.1224 2435.3331 3717.1452 2689.8165 3722.5276 2681.8431 4099.5165 2427.3598 4094.1342
P0137 0.1063 4601.5214 629.4368 5163.2525000000005 783.9002 5110.2854 976.5235 4548.5543 822.0601
P0137 0.102 839.586 1514.5154 1118.0408 1520.905 1113.713 1709.5107 835.2582 1703.1212
P0137 0.1002 3290.8776 3491.1615 3466.1818 3504.8034 3444.7385 3780.3579 3269.4343 3766.7159
P0137 0.0826 2594.1425 1026.6098 2831.529 981.7842 2896.1252 1323.8714 2658.7387 1368.6970000000001
P0137 0.0808 1152.3555000000001 2009.0252 1385.2393 2028.4383 1366.8297 2249.2852000000003 1133.9459 2229.8722
P0137 0.0701 3735.0369 3313.5069 4035.4934 3320.7964 4029.9389 3549.7396 3729.4825 3542.4501
P0137 0.0697 2413.7895 365.4245 2640.8439 394.1397 2602.5831 696.6724 2375.5287 667.9572
P0137 0.0628 3400.2269 3454.8761 3806.6616 3459.31 3799.815 4086.9142 3393.3803 4082.4803
P0137 0.0604 74.8698 2673.1613 372.9366 2683.0441 364.7665 2929.4557 66.6996 2919.5729
P0137 0.0586 833.9177 1749.4774 1021.5148 1746.1348 1026.4118 2020.9626 838.8147 2024.3052
P0137 0.057 1464.7021 2100.7552 1796.2318 2159.8463 1760.2718 2361.5992 1428.7421 2302.5081
P0137 0.0522 3663.9002 1707.4948 3709.7174 1712.4091 3703.5081 1770.3002999999999 3657.6909 1765.386
P1626 0.0786 3498.0331 2230.9258 3569.4579 2219.1207 3586.3763 2321.4834 3514.9515 2333.2885
P1626 0.0527 2143.9501 334.5399 2367.5224 352.9585 2345.4917 620.3768 2121.9193999999998 601.9583
P2782 0.3295 2595.964 880.3668 3125.5924999999997 816.1202 3198.9064 1420.4969 2669.2778 1484.7435
P2782 0.0639 472.2719 975.5989 527.4227 993.896 505.3877 1060.3133 450.2369 1042.0162
P1381 0.4019 1272.6635999999999 3770.2826 1350.353 3729.5523 1377.8058 3781.916 1300.1163000000001 3822.6463
P1381 0.2789 1656.2304 2944.3291 1904.6862 2754.3398 2024.5411 2911.0782 1776.0852 3101.0676
P1381 0.2718 1631.7486 2653.1807 1845.3207 2485.2286 1948.5042 2616.4393 1734.932 2784.3914
P1381 0.2427 550.369 1005.1666 592.2928 981.1681 648.3598 1079.1136 606.436 1103.1122
P1381 0.2354 1645.4812 3215.3266 1714.3049 3166.4817000000003 1803.9427 3292.7838 1735.1190000000001 3341.6287
P1381 0.2293 2169.0128 4284.8313 2429.2883 4222.8692 2505.2107 4541.786 2244.9352 4603.748
P1381 0.1598 1315.9614000000001 2033.5018 1377.2559999999999 1988.4193 1431.5208 2062.1982 1370.2260999999999 2107.2808
P1381 0.1453 2002.3781 4526.7734 2028.3402 4509.5778 2051.2884 4544.2253 2025.3263 4561.4208
P1381 0.1449 2135.3689 4094.5857 2221.2848 4175.2464 2114.985 4288.4718 2029.0691 4207.8112
P1381 0.1101 1502.3233 1368.4858 1709.4323 1264.8332 1811.3232 1468.422 1604.2142 1572.0746
P1381 0.0875 1786.8212 2838.9886 1810.0669 2825.7354 1837.9306 2874.6071 1814.6849 2887.8604
P1381 0.0629 1946.9695 4491.8736 2118.9761 4578.4783 1956.6167 4900.9423 1784.6100999999999 4814.3376
P1381 0.0539 416.591 3683.6224 457.131 3677.6955 462.3596 3713.4597 421.8196 3719.3865
P1381 0.0539 503.6382 133.7719 617.1135 107.7846 651.0298 255.8823 537.5546 281.8696
P2574 0.573 122.8881 1169.394 554.7411 1060.7917 626.3915 1345.7067 194.5386 1454.309
P2574 0.5727 1118.8881999999999 849.8127999999999 1382.9218 1059.6232 1100.0912 1415.548 836.0576 1205.7376
P2574 0.1057 510.0541 393.1976 866.2532 669.5812 633.6405 969.3691 277.4413 692.9855
P2574 0.0582 1523.1317 1263.5884999999998 1554.0027 1258.5696 1561.6034 1305.3213 1530.7323000000001 1310.3401
P2487 0.1365 1212.1961000000001 185.5059 1664.2777999999998 92.0179 1749.254 502.9385 1297.1722 596.4266
P2487 0.0955 836.7137 237.078 1245.0547000000001 90.0913 1433.7834 614.395 1025.4424 761.3818
P2487 0.0662 58.1748 1002.9311 369.9084 781.8771 595.8551 1100.5104000000001 284.1215 1321.5644
P2487 0.0558 1145.6805 59.2969 1344.7242 29.4473 1379.1901 259.2733 1180.1464 289.1229
P1729 0.0809 837.7908 3377.7262 879.5937 3366.0755 894.495 3419.5416999999998 852.6921 3431.1924
P1729 0.0587 2994.2803 610.1613 3013.3424 592.7063 3033.7545 614.9978 3014.6924 632.4528
P1603 0.0998 3463.8589 725.9866 3507.8481 707.5986 3528.2794 756.4761 3484.2902 774.864
P1603 0.0985 2285.8124 107.6247 2363.3035 165.7213 2319.1599 224.6015 2241.6688 166.505
P1603 0.0878 486.5786 1594.3298 528.7548 1575.0122000000001 568.4399 1661.6572 526.2636 1680.9747
P0772 0.0973 831.6428 806.7642000000001 1012.7148 822.0779 994.3767 1038.9122 813.3047 1023.5985
P0772 0.0608 292.11699999999996 711.6243 499.1452 711.5624 499.2103 929.1634 292.182 929.2253
P1510 0.086 1839.1276 793.5456 2283.4072 901.4256 2149.6877 1452.1198 1705.408 1344.2399
P0125 0.5104 242.2603 1304.2041 634.5635 1364.0990000000002 589.7745 1657.461 197.4713 1597.566
P0125 0.4422 1033.7402 413.7846 1482.7353 501.119 1429.2469 776.1085 980.2517 688.774
P0125 0.1225 756.0533 824.0551 1030.0874 850.0427999999999 996.1791 1207.598 722.1451 1181.6103
P0125 0.0514 440.1975 859.5983 506.283 892.592 447.7287 1009.8745 381.6432 976.8808
P1448 0.4069 6309.6161 1236.0296 6871.3319 1251.0682 6854.6043 1875.8688 6292.8886 1860.8302
P1448 0.2775 5126.3779 3496.3427 5702.8597 3522.8589 5667.3495 4294.8782 5090.8678 4268.3621
P1448 0.2123 1160.7930999999999 1548.8967 1294.6453999999999 1418.0442 1476.3422 1603.9063999999998 1342.4899 1734.7589
P1448 0.1405 5825.0784 3997.9286 6042.9199 4011.1653 6031.8612 4193.1623 5814.0198 4179.9256000000005
P1448 0.102 1453.5230000000001 3042.6941 1644.2227 3012.5713 1688.8766 3295.2634 1498.1769 3325.3862
P1448 0.0987 2346.5364 2436.6246 2469.9542 2364.9993 2554.3635 2510.4449 2430.9457 2582.0703
P1448 0.0948 1679.3282 1915.6811 1779.8014 1957.2356 1738.6732 2056.6782 1638.2 2015.1236
P1448 0.0899 6167.9254 638.4003 6350.9567 641.7311 6344.3273 1006.0251 6161.2959 1002.6943
P1448 0.0885 5470.7593 3555.8458 5606.9865 3499.0524 5675.6797 3663.8233 5539.4526 3720.6167
P1448 0.0766 2473.9021 4440.511 2638.6004 4434.1371 2647.7396 4670.2901 2483.0413 4676.664
P1448 0.0713 4049.4849 4664.5546 4229.83 4659.7081 4236.1377 4894.4285 4055.7925999999998 4899.2751
P1448 0.0579 5820.5723 4234.8174 6040.5371 4243.1089 6033.5123 4429.4678 5813.5475 4421.1763
P1448 0.0573 1185.5768 1653.7375 1299.6401 1708.8988 1223.7552 1865.8144 1109.692 1810.6531
P1448 0.0568 1461.1192 1523.8665 1650.8420999999998 1690.8053 1522.1086 1837.1087 1332.3857 1670.1698999999999
P1448 0.0565 2576.438 5365.5301 2805.4744 5366.8461 2803.7866 5660.581 2574.7502 5659.265
P1448 0.0513 4643.0905999999995 3509.9282 4793.7492999999995 3509.1858 4794.9238000000005 3747.5432 4644.2651 3748.2856
P2451 0.0901 1732.0868 1299.7446 1821.7586999999999 1308.0925 1805.118 1486.8442 1715.4461999999999 1478.4964
P2575 0.9286 567.58 839.2873999999999 851.2986 826.3953 869.1455 1219.1563 585.4268 1232.0484000000001
P1855 0.8636 828.5498 645.5615 1482.9104 290.6813 1693.2514999999999 678.5274 1038.8908000000001 1033.4076
P1855 0.4793 16.1546 1573.7755 424.4549 1251.1752000000001 663.2303 1553.3823 254.9301 1875.9825
P1855 0.4707 911.5268 1485.949 1314.5099 1128.9093 1582.2955 1431.1532 1179.3123 1788.1928
P1855 0.3687 2543.6897 789.4506 2855.9507 997.0844999999999 2621.7318999999998 1349.3264 2309.471 1141.6925
P1855 0.2464 601.8611 891.2644 921.7056 824.1675 993.2701 1165.3086 673.4257 1232.4055
P1855 0.1819 349.0517 2054.5617 612.7484 2072.5609 600.1519 2257.1041999999998 336.4553 2239.105
P1855 0.1694 394.519 1980.1857 840.7036 1748.8046 1083.9934 2217.9535 637.8088 2449.3345
P1855 0.1127 1055.4297 868.7914 1742.0627 879.0159 1736.4077 1258.7771 1049.7747 1248.5526
P1855 0.1091 1615.4052000000001 1075.7395 1860.6876 1152.5515 1755.4827 1488.5004 1510.2004 1411.6884
P1855 0.1055 1094.3455 1654.9521 1431.3175 1877.2438 1188.2189 2245.7568 851.2469 2023.4651
P1855 0.1051 26.513 1839.0103 402.4002 1624.597 623.2781 2011.8176 247.391 2226.2308000000003
P1855 0.0924 2076.2629 454.5531 2681.1934 333.977 2803.1812 945.9896 2198.2507 1066.5658
P1855 0.0825 1390.2399 2501.4844 1588.1174 2404.4058999999997 1708.8923 2650.5843999999997 1511.0148 2747.6628
P1855 0.0557 392.8514 889.8078 476.5811 850.0469 550.1879 1005.0499 466.4582 1044.8109
P1855 0.0546 856.6454 1635.4043 1033.9783 1658.5945 1005.1042 1879.3925 827.7712 1856.2023
P1855 0.0507 1922.3135 1898.8463 2081.6079 1796.0339 2238.1689 2038.6048 2078.8744 2141.4172
P0048 0.4183 853.8159 1756.6676 1069.3701 1620.953 1233.6921 1881.9441000000002 1018.1379 2017.6586
P0048 0.0874 193.0195 937.0003 220.3248 910.8865 281.0307 974.3624 253.7254 1000.4761
P0048 0.0575 441.1305 686.8793 503.7186 748.3153 477.8417 774.6774 415.2536 713.2415
P0048 0.0555 949.2022 824.734 1018.5364 833.7429 1006.7803 924.2203 937.4461 915.2114
P1363 0.8595 1912.2501 919.8869 2004.7989 888.125 2047.7672 1013.3275 1955.2184 1045.0893
P1363 0.1272 3427.8814 3342.8426 3534.08 3359.3615 3501.359 3569.7214 3395.1605 3553.2025
P1363 0.0586 4260.0396 416.7549 4282.761 422.0579 4271.496 470.3243 4248.7746 465.0213
P1363 0.054 4327.0522 1154.5493000000001 4394.1883 1145.9522 4403.7748 1220.8145 4336.6386 1229.4116
P1684 0.0537 2378.9196 3062.5515 2658.4584 3068.6892 2653.2996000000003 3303.6435 2373.7607 3297.5057
P1684 0.0507 1716.6485 736.8497 1776.4978999999998 705.7278 1816.461 782.5794 1756.6116 813.7013
P0107 0.175 542.8124 67.8916 661.7791 46.2435 700.9943 261.7498 582.0276 283.3979
P2515 0.5424 498.9364 628.5594 573.4036 624.0875 580.1118 735.7941 505.6447 740.266
P2515 0.1272 400.8698 702.0684 487.8805 697.6422 497.2847 882.511 410.274 886.9372
P2515 0.0642 603.1579 1289.7885 670.6138 1228.3207 706.9078 1268.1504 639.4518 1329.6182
P2583 0.784 1109.2642 330.5164 1383.5284000000001 371.1874 1320.0375 799.3376 1045.7732999999998 758.6667
P2583 0.1427 908.0956 198.6787 1099.4505 236.6226 1042.3471 524.6006 850.9922 486.6567
P2583 0.0906 616.2871 526.5698 998.0591 534.3865 988.1748 1017.1384 606.4029 1009.3217
P2583 0.0672 287.1781 962.7145 330.1351 971.2803 319.2195 1026.0208 276.2626 1017.455
P0046 0.8952 181.0695 1238.508 518.5557 1090.6669 610.4752 1300.4971 272.9889 1448.3383
P0046 0.4146 511.9068 431.4375 737.0895 394.1242 797.7813 760.3948 572.5986 797.7081
P0046 0.1623 878.9003 1478.9122 975.2238 1431.8255 1028.9471 1541.7255 932.6236 1588.8121999999998
P0046 0.1524 809.3097 1451.6885 1157.5268999999998 1238.0663 1434.8137000000002 1690.0609 1086.5965999999999 1903.6831
P0046 0.1146 632.7592 949.053 929.7457 875.9982 1001.814 1168.9745 704.8275 1242.0293
P0046 0.0574 254.8024 718.963 441.0239 721.9221 437.9469 915.5652 251.7254 912.6061
P2763 0.104 4156.0519 2532.9052 4304.5422 2538.603 4300.1228 2653.7758 4151.6325 2648.0779
P2763 0.0929 806.0139 3556.4366 943.7085 3513.9224 989.4738 3662.1467000000002 851.7791 3704.6609
P2763 0.07 686.256 3661.9011 977.6992 3681.7808 964.686 3872.5584 673.2429 3852.6787
P2763 0.0644 2460.8773 4018.1203 2659.0032 3972.191 2728.8635 4273.5483 2530.7376 4319.4776
P2763 0.0627 4918.3536 2480.258 5061.9655 2472.4087 5069.9617 2618.7089 4926.3498 2626.5582
P1588 0.0961 2505.8707 918.8796 2558.3553 971.2484 2521.5029 1008.1822999999999 2469.0182 955.8135
P1588 0.0937 2474.0843999999997 956.7962 2529.6653 1009.4349 2500.8415999999997 1039.8697 2445.2606 987.231
P1157 0.1465 4755.1065 266.2631 4791.0172 299.9984 4720.6813 374.8696 4684.7707 341.1342
P1157 0.0996 6805.015 1119.9119 6840.6699 1147.4716 6788.5734 1214.8705 6752.9185 1187.3108
P1157 0.0547 3314.7478 2582.7091 3416.3492 2679.6435 3185.0061 2922.1247 3083.4047 2825.1902
P1331 0.0849 2492.5652 2024.3811 2633.0612 1891.7888 2812.2986 2081.7104 2671.8026 2214.3027
P1331 0.0673 860.3688 835.3033 906.8513 798.8016 975.2867 885.9494 928.8043 922.4511
P1331 0.0572 2842.6292 2334.6708 2999.8884 2346.4708 2983.9763 2558.5322 2826.7169 2546.7322
P1378 0.8139 1353.6967 2282.7993 1490.9032 2175.7449 1567.614 2274.0615 1430.4075 2381.1158
P1378 0.3184 762.1021 1716.2284 915.4427 1833.091 846.5211 1923.5262 693.1804 1806.6637
P1378 0.1288 2536.9928 2035.5044 2756.9942 2218.9454 2638.6677 2360.8547 2418.6664 2177.4137
P1378 0.0993 2561.2044 3794.5078 2612.8094 3801.1805 2601.6493 3887.4899 2550.0443 3880.8173
P1378 0.095 930.8609 1819.8815 1155.627 2019.6302 1055.2854 2132.5389999999998 830.5193 1932.7903000000001
P1378 0.0946 612.4473 3308.2808 761.2002 3377.5223 727.2986 3450.3538 578.5457 3381.1123
P1378 0.0598 361.5601 1663.7323999999999 454.8769 1746.583 421.6786 1783.9751 328.3618 1701.1245
P1774 0.3705 4706.3672 1635.7795 4816.7114 1661.9918 4769.7153 1859.828 4659.3711 1833.6156999999998
P1774 0.268 4570.583 1641.8556 4674.5485 1674.3507 4621.1321 1845.2523 4517.1666000000005 1812.7572
P1774 0.1552 4433.509 1556.4032 4550.4755000000005 1587.3710999999998 4491.9654 1808.3647 4374.9989 1777.3969
P1774 0.1242 3738.7998 1943.6066 4344.8198 1931.3755 4357.7657 2572.8153 3751.7458 2585.0464
P1774 0.0856 2705.5952 1210.7987 3127.3489 1197.4611 3147.5092 1834.9593 2725.7555 1848.2968
P1774 0.0611 4656.1542 2302.9302 4903.7656 2352.1915 4846.952 2637.7643 4599.3405999999995 2588.503
P2652 0.3265 627.5863 1648.337 1162.4425999999999 1690.3854 1136.0016 2026.7147 601.1454 1984.6662999999999
P2652 0.2514 644.2017 819.679 1155.0173 845.4887 1126.4828 1410.2309 615.6673 1384.4212
P2652 0.163 841.7311 2946.3950999999997 1021.6799 2954.6104 1014.8375 3104.487 834.8887 3096.2717000000002
P2602 0.2375 4071.6825 3012.0512 5075.6935 2911.2842 5122.6401 3379.045 4118.6291 3479.812
P2562 0.1012 1138.7204000000002 990.7078 1161.5416 975.3511 1185.1517 1010.4374 1162.3305 1025.7942
P2562 0.087 101.892 1112.0425 473.6922 913.183 813.3376 1548.2053 441.5374 1747.0648
P2562 0.0688 446.8414 935.601 788.2115 677.8845 1175.3865 1190.7349 834.0164 1448.4513
P2562 0.062 951.3353 590.1564 1078.3330999999998 507.3167 1304.5872 854.1765 1177.5893999999998 937.0162
P2562 0.0594 629.5437 1501.0651 662.9199 1528.7504 651.7839 1542.1756 618.4077 1514.4903
P2562 0.0538 981.6722 1493.6898 1011.3415 1481.0832 1028.9299 1522.4769999999999 999.2607 1535.0836
P0509 0.1987 -1.0713 730.0178000000001 548.8466 539.7608 714.2925 1017.9651 164.3746 1208.2221
P1734 0.0961 1491.262 1586.9965 1617.8649 1542.55 1639.4478 1604.0272 1512.8447999999999 1648.4737
P1734 0.0635 3861.8149 4149.1189 3936.9003000000002 4168.2433 3916.7228999999998 4247.4631 3841.6375 4228.3387999999995
P1734 0.0585 59.3381 4466.1288 98.7932 4430.6232 176.5271 4517.0039 137.072 4552.5095
P1734 0.0546 2978.4352 176.7164 3013.4503 174.2239 3016.0707 211.0375 2981.0557 213.53
P1734 0.0517 1880.8654999999999 1773.8493 1922.6066 1762.0715 1936.8029000000001 1812.384 1895.0619 1824.1618
P1728 0.2433 2995.6622 3063.462 3043.9064 3024.6389 3118.9703 3117.9182 3070.7261 3156.7413
P1728 0.2428 2431.4706 1819.576 2540.9545 1921.7997 2479.1921 1987.9487 2369.7082 1885.7251
P1728 0.1327 3500.7339 225.0156 3558.8837 169.6457 3685.5415000000003 302.6625 3627.3917 358.0324
P1728 0.0762 3092.5381 2892.0267 3146.9231 2944.8143 3103.1538 2989.9081 3048.7689 2937.1205
P1728 0.0684 3184.2396 293.7267 3229.7178 301.4647 3220.8858 353.373 3175.4076 345.6351
P1728 0.0612 2981.098 3146.5285 3021.1547 3126.7043 3044.2418 3173.354 3004.185 3193.1782
P1728 0.0526 2947.7802 3418.5639 3003.7047000000002 3391.3649 3043.7495 3473.7022 2987.825 3500.9012000000002
P1544 0.8662 1388.0941 1741.9424 1498.6262000000002 1695.6984 1554.5881 1829.4581 1444.056 1875.7021
P1544 0.0853 846.0796 1136.174 887.1841 1163.7416 837.6295 1237.6299 796.525 1210.0624
P1544 0.0684 3589.4927 2912.9475 3631.2335000000003 2938.638 3601.8044 2986.4533 3560.0636 2960.7628
P1379 0.7999 2159.73 2134.1193 2455.5104 2328.8945 2330.0131 2519.4715 2034.2326 2324.6963
P1379 0.6317 1371.2314000000001 3419.5805 1583.9214 3531.0658 1426.3182000000002 3831.7392 1213.6281 3720.254
P1379 0.5439 3608.1014999999998 3450.1902 3681.3996 3516.5438 3582.3126 3626.0012 3509.0145 3559.6477
P1379 0.443 3522.3128 3413.5771999999997 3566.9309 3444.5646 3527.3329 3501.5811000000003 3482.7148 3470.5937
P1379 0.4387 3417.67 2809.9777 3701.9105 3065.9999 3554.6247 3229.5191999999997 3270.3843 2973.497
P1379 0.2898 135.8195 1246.0705 499.5092 1027.3946 599.037 1192.9237 235.3473 1411.5996
P1379 0.1699 200.5329 3265.7378 586.9536 3241.1884 602.7515 3489.8552 216.3308 3514.4045
P1379 0.1465 1268.8694 3288.3458 1347.5819999999999 3365.6473 1211.778 3503.9302 1133.0655 3426.6288
P1379 0.1365 1531.1169 3930.2889 1656.8251 3835.1533 1726.0056 3926.5654 1600.2973 4021.701
P1379 0.1314 812.238 823.7002 1083.8751 603.2952 1189.7712000000001 733.8063 918.134 954.2113
P1379 0.1162 194.8221 1548.4927 452.046 1565.7132000000001 435.6536 1810.5682000000002 178.4297 1793.3477
P1379 0.1088 942.192 3841.3597 987.4089 3817.7147999999997 1018.9733 3878.0762999999997 973.7564 3901.7213
P1379 0.0896 2325.7642 1964.6797000000001 2591.9412 2017.7534 2539.5823 2280.3450000000003 2273.4054 2227.2714
P1379 0.0877 2808.9376 3951.3703 2875.8532 4005.8314 2795.2348 4104.8862 2728.3192 4050.425
P1379 0.0827 1977.048 2509.2951 2279.3754 2485.4854 2298.3585000000003 2726.5271 1996.0311 2750.3367
P1379 0.0805 1391.2919000000002 3935.986 1478.049 4006.6159 1363.7763 4146.9809000000005 1277.0193 4076.351
P1379 0.0601 607.3931 1987.7069000000001 649.0504 2018.5005 607.5495 2074.6425 565.8922 2043.8489
P2658 0.7859 1146.0857 814.4021 1694.2737 845.0848 1654.6309999999999 1553.3577 1106.4429 1522.6751
P2658 0.2394 1130.8004 260.7096 1479.9652999999998 283.4712 1469.9971 436.385 1120.8322 413.6234
P2658 0.0927 797.3601 825.8821 880.7914 827.3743 879.2404 914.0932 795.8091 912.6009
P2658 0.0649 762.7293 1403.7484 823.866 1407.4636 816.1015 1535.2349 754.9648 1531.5196999999998
P0671 0.1444 713.751 44.8097 887.6732 134.8091 832.9662 240.5291 659.0441 150.5297
P0671 0.1081 743.4126 -9.5588 923.5834 18.316 911.4595 96.6802 731.2886 68.8054
P2760 0.0901 3316.5037 1864.6189 3355.5911 1842.9104 3368.1209 1865.4711 3329.0335999999998 1887.1796
P2760 0.0806 1811.1914 2819.4967 1852.0459 2784.8793 1941.1078 2889.9878 1900.2533 2924.6053
P2760 0.0645 2510.9477 782.5572 2548.1879 754.8991 2593.4896 815.8954 2556.2495 843.5535
P2760 0.0621 2143.7066 3311.9897 2187.7197 3350.4915 2157.2747 3385.2946 2113.2616 3346.7928
P2119 0.2639 1171.1381999999999 230.218 1455.2307 196.7673 1481.6387 421.0476 1197.5463 454.4983
P2119 0.1866 1216.6509 416.6195 1462.4982 395.0262 1478.5786 578.1071 1232.7313 599.7003
P2119 0.1787 1380.1704 1301.3701 1805.0842 1277.5035 1814.6969 1448.6439 1389.7831 1472.5105
P2119 0.1279 327.799 378.2679 911.837 352.5032 936.6616 915.2339 352.6236 940.9986
P2119 0.103 251.2823 37.5292 561.5059 -11.3513 595.2667 202.9138 285.0431 251.7944
P2119 0.0926 -7.8021 470.5474 83.5327 464.8568 99.838 726.5563999999999 8.5032 732.2471
P2119 0.0597 38.6099 952.9093 80.2885 949.9532 85.5062 1023.521 43.8277 1026.4771
P2510 0.1786 1952.7507 2006.1237 1995.0383000000002 2037.8053 1980.8213 2056.7817 1938.5337 2025.1001
P2510 0.0895 1706.3809 85.0015 1908.0881 104.6629 1883.8172 353.658 1682.1100000000001 333.9966
P2510 0.0572 1283.4833 1665.0572 1454.4434 1514.0029 1668.1100000000001 1755.8264 1497.1499 1906.8806
P2136 0.9579 212.0036 350.6793 420.1998 330.8522 462.4532 774.5365 254.2571 794.3636
P2136 0.0818 388.497 1121.5396 430.1187 1116.1902 438.0876 1178.1933 396.4659 1183.5427
P1733 0.5005 3476.9687 3718.4395 3530.0736 3695.623 3579.6282 3810.9602 3526.5233 3833.7767
P1733 0.2261 3550.4478 3697.4256 3602.603 3668.4566 3666.5957 3783.6679 3614.4404 3812.6368
P1733 0.1184 2949.8404 3602.2401 3053.4366 3530.3625 3109.9168 3611.7667 3006.3206 3683.6443
P1733 0.1003 3058.2966 3445.6492 3102.6141 3440.8437 3108.9392 3499.1758 3064.6218 3503.9813
P1733 0.0757 3867.7176 1766.9217 3896.0876 1740.8348 3926.0034 1773.3688 3897.6333 1799.4557
P1733 0.0667 296.787 2613.2765 353.8386 2601.5864 380.9604 2733.9495 323.9088 2745.6396
P1733 0.0642 2705.8589 1683.2404999999999 2782.4344 1665.3431 2826.9157999999998 1855.6608 2750.3403 1873.5582
P1593 0.0575 879.8592 3109.9009 928.7534 3158.6075 863.2191 3224.3943 814.3248 3175.6878
P2530 0.2512 349.1592 1227.5542 436.944 1218.6878 443.1891 1280.5199 355.4044 1289.3863000000001
P2530 0.1639 1835.8622 250.558 1996.3557 136.5255 2127.8418 321.584 1967.3483 435.6165
P2530 0.0686 1323.8974 913.7173 1674.9479000000001 845.9487 1712.5513999999998 1040.74 1361.501 1108.5086000000001
P2530 0.0557 1611.6948 1062.6378 1827.5773 1052.1986 1837.3055 1253.3787 1621.4229 1263.8178
P1576 0.0674 2399.4579 507.6279 2452.7016 503.5024 2456.6964 555.0598 2403.4527 559.1853
P1576 0.0655 3286.156 3632.2679 3336.6831 3632.6136 3336.3477000000003 3681.6401 3285.8206 3681.2943999999998
P2208 0.1137 2740.3512 2179.2565 2964.1027 2231.6352 2927.1212 2389.6127 2703.3697 2337.234
P2208 0.0749 2421.6224 1658.2914 2599.3889 1659.1836 2598.2513 1885.8402 2420.4849 1884.9481
P2208 0.0682 79.0094 1553.3118 306.6177 1551.4369000000002 308.6176 1794.2172 81.0093 1796.0922
P2208 0.068 2395.9426 2003.7946 2620.8495000000003 2012.1872 2608.6336 2339.5526 2383.7267 2331.1601
P2208 0.057 881.0927 272.5025 1024.2601 368.5689 899.7523 554.1227 756.5848 458.0564
P2208 0.0544 4192.1641 216.5897 4234.7047 216.4615 4234.8857 276.5718 4192.3452 276.7
P2208 0.0532 1680.2179 1301.0714 2268.3315000000002 1189.8217 2377.1135 1764.8896 1788.9998 1876.1393
P1695 0.0804 2687.3376 2721.4174 2996.21 2783.8238 2959.1507 2967.2444 2650.2782 2904.838
P1112 0.1032 6646.4589 2615.9873 6837.3551 2748.7436 6650.5946 3017.2949 6459.6984 2884.5386
P1628 0.107 2463.9331 2926.103 2514.8984 2944.0577 2480.968 3040.3707 2430.0027 3022.4161
P2147 0.1691 251.1213 318.6438 308.5896 325.6577 296.9693 420.8683 239.501 413.8544
P2147 0.0743 186.0313 313.4778 241.3369 319.7567 230.0781 418.9275 174.7724 412.6487
P2546 0.1702 172.2829 234.6483 419.252 130.3806 506.8797 337.936 259.9105 442.2037
P1625 0.0583 314.468 583.3704 376.7097 568.5873 400.4419 668.5076 338.2003 683.2908
P1151 0.061 1779.4649 1994.784 1876.4591 2071.8768 1787.1255 2184.2717000000002 1690.1313 2107.1789
P1151 0.0558 1461.5103 1631.3259 1580.3337000000001 1546.313 1633.1583 1620.1464999999998 1514.3348 1705.1594
P1681 0.1074 2325.0283 1602.257 2371.4426 1588.6864 2389.9433 1651.9627 2343.5289000000002 1665.5333
P1681 0.0882 3885.4713 2448.0615 3939.9758 2401.8244 3991.3455 2462.3795 3936.8409 2508.6165
P2486 0.2239 1200.4427 718.27 1288.6317 720.0728 1285.1331 891.2216 1196.944 889.4188
P2486 0.1418 957.9857 2063.8508 982.2049 2068.3633 977.1321 2095.5886 952.913 2091.076
P2486 0.0706 1785.7139 1197.9668 1797.7036 1197.59 1798.5211 1223.6045 1786.5313999999998 1223.9812
P1678 0.088 1199.496 2602.2169 1248.0807 2590.6945 1263.8201 2657.0606 1215.2354 2668.583
P1678 0.0801 2846.8015 2483.4601 2978.9341 2468.2605 2993.2941 2593.094 2861.1614 2608.2934999999998
P2484 0.0789 1314.5695 1916.7335 1494.513 2078.2525 1381.1503 2204.5464 1201.2068 2043.0274
P2752 0.6428 2112.1913 704.2571 2541.5661 692.3585 2546.9619000000002 887.0712 2117.5871 898.9698000000001
P2752 0.4619 2136.301 937.4163 2188.699 936.6018 2189.9049 1014.1836000000001 2137.507 1014.9981
P2752 0.2614 2209.5388 938.0772 2263.1693 934.7445 2268.3934 1018.8118 2214.7628 1022.1445
P2752 0.0837 2367.2457 925.2372 2407.2596 923.7769000000001 2410.1394 1002.6888 2370.1255 1004.1491
P2752 0.0802 2283.2245000000003 925.3428 2339.7325 921.2571 2347.5024 1028.7208 2290.9944 1032.8065000000001
P2752 0.0754 2627.6581 660.6399 2747.509 670.6499 2737.7501 787.4956999999999 2617.8992 777.4858
P0500 0.6442 940.6432 217.339 1259.3408 443.4832 898.4081 952.1341 579.7104 725.99
P0500 0.2291 425.7333 585.0074 634.5268 449.8798 810.2359 721.378 601.4422999999999 856.5056
P0500 0.1522 701.0018 1096.3182 1158.7451999999998 1051.9309 1214.7412 1629.3881999999999 756.9977 1673.7755
P0500 0.1074 624.4826 14.6672 979.0089 149.4415 836.9637 523.094 482.4374 388.3197
P0500 0.0896 1313.8318 1254.3094999999998 1465.9156 1249.2595000000001 1476.2313 1559.9225000000001 1324.1475 1564.9726
P0500 0.0563 473.5992 743.3306 884.919 753.1360999999999 881.0948000000001 913.5518 469.775 903.7462
P1922 0.4403 154.6764 345.2719 328.737 308.169 409.9354 689.0942 235.8748 726.1971
P2407 0.6965 1081.1849 982.6516 1394.6432 994.1366 1385.8459 1234.2397 1072.3877 1222.7547
P2407 0.533 1525.3442 1496.7545 1597.9321 1470.4463 1642.1197 1592.3663000000001 1569.5318 1618.6743999999999
P2407 0.0596 1086.8642 803.5756 1432.1336000000001 796.4991 1435.987 984.5107 1090.7176 991.5872
P0682 0.0839 1465.2084 867.4316 1483.9832000000001 856.309 1516.9589999999998 911.9712 1498.1843 923.0939
P2461 0.5556 546.6767 1007.0485 616.2507 1009.9068 611.9587 1114.3819 542.3846 1111.5236
P2461 0.1161 671.1043 919.2224 718.2758 920.2858 714.8149 1073.7992 667.6434 1072.7357
P2461 0.1053 1301.2933 44.5905 1521.0845 30.849 1537.7930999999999 298.0986 1318.0019 311.8401
P2461 0.0892 1023.9638 1065.0275 1318.4213 1057.4446 1325.5644 1334.8256000000001 1031.107 1342.4085
P2461 0.0591 403.4788 1809.2518 448.9435 1816.4302 440.5154 1869.8093 395.0508 1862.6309
P1630 0.2463 2307.9512 2352.6788 2351.2118 2390.4992 2274.8086 2477.8923 2231.548 2440.0718
P1630 0.227 1226.5879 1815.1711 1348.2559999999999 1727.3803 1401.7266 1801.4845 1280.0585 1889.2753
P1630 0.1028 1705.7961 3136.9197 1729.2584000000002 3155.2605 1696.7455 3196.8525 1673.2831999999999 3178.5117
P1630 0.0982 4165.0258 2542.2351 4255.1479 2569.0931 4207.4502 2729.1434 4117.3281 2702.2855
P1630 0.0899 1455.4568 1733.8282 1535.9099999999999 1809.0987 1498.1804 1849.4263 1417.7272 1774.1558
P1630 0.0825 821.0655 268.6124 911.7292 189.937 946.076 229.5174 855.4123 308.1928
P1630 0.0587 2024.1913 2910.0047 2060.3605 2945.738 1982.6245 3024.4225 1946.4553 2988.6893
P1630 0.056 3626.2932 1600.3575 3687.4103 1618.6049 3662.5304 1701.9362 3601.4134 1683.6888
P1630 0.0537 1484.8323 3275.7373 1553.1641 3284.7542 1544.4974 3350.4326 1476.1656 3341.4157999999998
P1630 0.0507 432.7144 942.1399 470.3026 915.0342 538.4643 1009.5557 500.8761 1036.6615
P1630 0.0506 529.0428 855.3889 629.7851 813.3043 665.8433 899.6205 565.101 941.705
P1163 0.0894 1949.3304 4975.6686 2654.3379999999997 4938.8362 2685.1270999999997 5528.1685 1980.1195 5565.0008
P1163 0.0886 2763.4698 4167.1117 3346.6924 4156.8509 3362.0466 5029.58 2778.824 5039.8408
P1163 0.0644 4732.3802 962.8537 4793.9754 994.3456 4761.6567 1057.558 4700.0615 1026.0661
P0230 0.1634 231.2494 110.9234 873.8079 49.8928 913.2238 464.8814 270.6653 525.9121
P0230 0.0953 1346.1503 62.4117 1505.2730999999999 47.8813 1527.6368 292.7861 1368.5140000000001 307.3165
P2405 0.9066 775.0322 440.276 861.6024 410.6194 913.4615 562.0007 826.8912 591.6573
P2762 0.2042 6819.4364 1406.6088 6920.7762 1499.0496 6799.639 1631.8483999999999 6698.2992 1539.4077
P2762 0.1585 5831.4468 286.7633 5987.6554 190.298 6030.3628 259.4551 5874.1542 355.9204
P2762 0.0954 7921.0707999999995 2447.8818 7987.8365 2393.8178 8014.6229 2426.8973 7947.8572 2480.9614
P2762 0.0642 4044.6331 257.859 4604.8035 116.6837 4784.9466 831.4742 4224.7762 972.6496
P2762 0.0564 861.7449 2463.5568 1310.3753 2489.7611 1275.8521 3080.8163 827.2216 3054.6121000000003
P0812 0.051 1383.8704 437.2764 1651.8687 667.8811 1569.7148 763.3566 1301.7165 532.7518
P1270 0.0571 3076.0145 855.5275 3148.082 903.6034 3116.4553 951.0129 3044.3878 902.937
P1270 0.0506 1523.8357999999998 1916.5099 1566.9042 1943.7389 1506.5411 2039.2158 1463.4727 2011.9867
P1611 0.2422 3158.054 2726.4132 3218.4424 2691.6114 3258.3192 2760.8061 3197.9307 2795.6077999999998
P1611 0.1563 2992.3693 1650.2059 3043.3708 1655.6859 3037.3282 1711.9243000000001 2986.3267 1706.4443999999999
P1611 0.0717 3067.3402 1672.7162 3110.2861 1688.2801 3091.6706 1739.6462999999999 3048.7248 1724.0824
P1611 0.0509 1663.1649 180.9014 1685.4571 161.7796 1708.1461 188.2305 1685.8537999999999 207.3522
P2648 0.785 1000.0201 773.6659 1363.9545 746.881 1381.5946 986.563 1017.6603 1013.3479
P2648 0.7 1030.6791 1318.7269000000001 1402.2828 1341.7653 1387.0124 1588.074 1015.4087 1565.0356000000002
P2648 0.637 1018.5953 1040.6779000000001 1390.2242999999999 1034.386 1394.9843 1315.5327 1023.3552999999999 1321.8245
P2648 0.2737 203.9091 479.3805 798.3007 476.4992 801.0653 1046.8354 206.6738 1049.7167
P1180 0.0948 2637.448 1396.4675 2915.8988 1157.5364 3057.2471 1322.2640999999999 2778.7963 1561.1951
P1180 0.0741 3102.2519 2711.7713 3364.4401 2700.7611 3377.1378999999997 3003.135 3114.9496 3014.1452
P1180 0.0628 3035.622 2011.929 3478.0283 2001.2388 3493.4037 2637.5395 3050.9974 2648.2297
P1654 0.1705 3122.6907 2642.8323 3238.438 2666.0267 3193.0329 2892.6125 3077.2856 2869.418
P1654 0.1538 154.1278 3177.6772 379.656 3112.3064 410.0732 3217.2451 184.5449 3282.6158
P1654 0.0562 806.054 1377.9108 846.3199 1414.2661 778.8943 1488.9445 738.6284 1452.5893
P0034 0.2211 1621.9704 2121.0571 1762.8991 2048.8378000000002 1901.1698000000001 2318.6591 1760.2411 2390.8784
P0784 0.0765 1652.8756 179.2981 1760.1499 182.5708 1755.0011 351.3407 1647.7268 348.068
P0394 0.7203 1100.565 274.7086 1289.8971000000001 178.9429 1444.7658999999999 485.1236 1255.4338 580.8894
P0394 0.4776 861.4893 384.3295 1046.945 259.5628 1223.0472 521.3245 1037.5915 646.0912
P0394 0.2251 593.6428 429.2948 798.6975 362.0555 860.5822 550.7808 655.5275 618.0201
P0394 0.111 670.941 92.4372 799.6946 -4.0374 980.4637 237.2142 851.7101 333.6889
P1800 0.3879 314.729 816.1154 589.904 846.179 549.0839 1219.8088 273.9089 1189.7452
P1800 0.3667 416.3806 1213.7178 1123.3297 1333.6836 1045.969 1789.5637000000002 339.02 1669.5978
P1800 0.34 644.8129 859.3873 839.9457 903.3169 761.5789 1251.4178 566.4462 1207.4882
P1800 0.2392 902.1597 807.2394 1128.1141 761.075 1169.08 961.585 943.1256 1007.7493
P1800 0.2374 330.7934 1149.2214 463.044 1118.8422 486.17859999999996 1219.5551 353.9281 1249.9342
P1800 0.0586 881.6216 1119.9364 1075.3447 1136.2306 1056.7122 1357.7546 862.9891 1341.4604
P2723 0.2012 2750.2924 1998.5696 2767.053 2013.8657 2739.6611 2043.8805 2722.9004 2028.5845
P2723 0.1772 2152.0337 2504.8513000000003 2170.7277 2493.4040999999997 2194.0191999999997 2531.4407 2175.3251 2542.8878999999997
P2723 0.1747 2164.4130999999998 2433.067 2188.6149 2421.3745 2210.3484 2466.3598 2186.1466 2478.0522
P2723 0.1679 3650.1393 1807.1318999999999 3675.8794 1806.7616 3676.4856 1848.8988 3650.7454 1849.269
P2723 0.1161 1911.2787 2162.5625 1951.1243 2149.3448 1976.1948 2224.9211999999998 1936.3492 2238.139
P2723 0.1076 1268.1552 450.481 1308.4547 433.6021 1339.9034000000001 508.6877 1299.6039 525.5667
P2723 0.0889 4123.6796 1990.4832999999999 4163.2603 1976.4586 4188.5596000000005 2047.8586 4148.979 2061.8833
P2723 0.0735 2902.1018 2036.0307 2936.2603 2034.4573 2939.1854 2097.9631 2905.0269 2099.5365
P2723 0.068 4087.2886 645.0567 4105.733 629.4628 4137.858 667.4599 4119.4136 683.0538
P2723 0.0621 2595.3739 1082.7014 2621.8295 1073.3877 2642.0124 1130.7174 2615.5568 1140.0311
P2654 0.6597 1394.819 865.5893 1851.3773 806.3815 1909.7939000000001 1256.8382 1453.2356 1316.046
P2654 0.6119 1450.1723 1279.1163999999999 1624.214 1289.3956 1605.6516000000001 1603.6849 1431.6099 1593.4057
P2654 0.5974 1788.337 1294.9319 1950.0501 1291.343 1956.8872000000001 1599.4122 1795.1741 1603.0011
P2654 0.5771 1608.1770999999999 1299.6449 1781.3112 1290.6154000000001 1797.0095999999999 1591.6219 1623.8755999999998 1600.6514
P2654 0.3251 835.6681 336.7202 1308.7234 336.5925 1308.9116 1033.4027 835.8562 1033.5304
P1372 0.0665 3566.15 915.321 3643.0966 855.3394 3674.6982 895.8792 3597.7516 955.8608
P1372 0.0613 3948.8061 3494.8893 3991.0942999999997 3487.9745 4000.4829 3545.392 3958.1948 3552.3067
P0132 0.6093 1126.579 331.8169 1604.6287 311.0908 1615.9593 572.4318 1137.9096 593.1579
P0132 0.5988 2078.3091 336.7183 2451.2208 348.0873 2443.7584 592.8602 2070.8467 581.4912
P0132 0.5805 1943.3764 1013.5427999999999 2479.3586 1053.3661 2440.3016 1579.0346 1904.3193999999999 1539.2112
P0132 0.4112 856.8246 282.9972 1021.6505 280.2804 1023.2521 377.4496 858.4262 380.1664
P0132 0.3871 2651.6292 864.1884 3054.7787 868.9393 3045.6575000000003 1642.9488000000001 2642.508 1638.1979000000001
P0132 0.2389 850.1925 647.0973 1023.8163999999999 654.048 1019.8675000000001 752.6875 846.2437 745.7368
P0132 0.1768 1950.4635 816.2968 2337.9881 791.1463 2348.0 945.4124 1960.4754 970.5628
P0132 0.1571 850.4211 406.2618 1029.4106 408.7623 1028.145 499.3579 849.1554 496.8575
P0132 0.1436 841.5271 266.2366 1141.0824 274.4099 1124.2867 889.981 824.7313 881.8077
P0132 0.1292 644.4241 341.7686 809.8151 348.8477 791.7126 771.7754 626.3217 764.6962
P0132 0.1076 1942.1218 310.5853 2127.926 313.2263 2123.7200000000003 609.1321 1937.9159 606.4911
P0132 0.1065 2717.0121 472.9941 3019.2747 462.3935 3026.8903 679.5425 2724.6277 690.1431
P0132 0.1016 1664.087 302.4363 1955.4371 299.9523 1957.9549 595.2615 1666.6048 597.7455
P0132 0.0883 1630.0073 759.2691 1827.2693 770.0114 1815.9422 978.0136 1618.6801 967.2713
P0132 0.0643 1971.0045 636.9031 2415.0398999999998 650.9326 2409.814 816.3318 1965.7786 802.3024
P0132 0.056 1582.9987999999998 332.3316 1690.0298 336.7337 1679.6237999999998 589.738 1572.5928 585.3358
P0132 0.051 851.3515 523.7015 1022.1794 536.6437 1015.15 629.4268 844.3221 616.4846
P1644 0.0995 658.2073 2059.0827 708.8845 2047.4141 723.5883 2111.2731 672.9111 2122.9417
P1644 0.0542 2949.8245 3517.6548000000003 3017.2736 3505.0629 3025.9146 3551.3492 2958.4656 3563.9411
P1644 0.054 515.3484 2068.1936 618.8381 2022.9524000000001 693.9554 2194.7835999999998 590.4658 2240.0248
P0026 0.0543 517.6384 2164.2332 539.7519 2154.5244000000002 564.8436 2211.6749 542.7302 2221.3837
P1477 0.7702 1141.123 1978.8842 1245.3464 1964.4892 1269.3985 2138.632 1165.175 2153.027
P1477 0.2107 1273.2302 2808.0442 1318.2305000000001 2800.4705 1330.0810000000001 2870.8813 1285.0807 2878.4551
P1477 0.0989 2312.2231 1816.2004 2353.275 1809.7178 2361.6136 1862.5239 2320.5617 1869.0064
P1477 0.0979 1404.2178 2064.8623 1445.6866 2062.3669 1449.0804 2118.7638 1407.6116 2121.2592
P1477 0.0821 1233.5961 2195.0308999999997 1294.9264 2178.843 1311.7715 2242.6629000000003 1250.4413 2258.8509
P1477 0.0788 1744.8351 3348.1158 1782.5855999999999 3344.0182999999997 1788.7127 3400.468 1750.9622 3404.5654
P1477 0.0748 1385.5592000000001 2375.4232 1434.9277 2379.5117 1427.6266 2467.6721 1378.2581 2463.5836
P1477 0.0662 1013.6277 1158.0492 1069.9938 1152.0329 1078.3289 1230.1238 1021.9629 1236.1401
P1477 0.063 187.0053 4485.4942 401.4622 4511.3781 364.0132 4821.6565 149.5562 4795.7726
P1477 0.0551 1386.3326 2275.9607 1425.7894000000001 2269.7141 1434.7639 2326.4025 1395.3071 2332.649
P1687 0.0753 3563.821 227.9416 3677.1326 250.1054 3631.502 483.3905 3518.1903 461.2267
P1687 0.0748 757.4209 1647.8738 820.0943 1647.6273 820.5127 1753.9833 757.8393 1754.2298
P2376 0.1656 2078.5487000000003 221.0452 2411.4707 548.5072 2091.7210999999998 873.5883 1758.799 546.1263
P2376 0.141 150.7766 1625.8147 205.371 1652.8495 161.0279 1742.3964 106.4335 1715.3616
P2376 0.1316 2069.6554 13.0578 2219.5782 129.2708 2060.9836 333.8688 1911.0608 217.6558
P2376 0.0825 1570.971 22.005 1704.7876 139.2184 1547.0083 319.3472 1413.1916 202.1337
P1018 0.0672 2909.9317 1648.0914 2939.5922 1642.4871 2943.5099 1663.2215 2913.8494 1668.8258
P1528 0.1734 2579.8737 1079.9924 2628.5067 1040.9542999999999 2678.0092 1102.6237 2629.3761 1141.6618
P2425 0.1469 259.9456 1089.8992 385.2859 1096.5648 381.6772 1164.4234999999999 256.3369 1157.7579
P2425 0.0697 120.5208 1063.1285 206.5697 1064.7321 203.8323 1211.6138999999998 117.7835 1210.0103
P2489 0.1262 1243.163 97.0544 1458.3481000000002 309.4295 1287.7932 482.241 1072.6081 269.8658
P2489 0.0507 734.469 492.8018 749.4763 481.6615 768.7921 507.6822 753.7849 518.8225
P0451 0.1251 406.9255 663.4247 710.7298 643.6058 728.1766 911.0472 424.3723 930.8661
P2508 0.7298 1574.1143 1291.337 1656.5291 1289.0954 1659.6707000000001 1404.6001999999999 1577.2559999999999 1406.8418
P2508 0.2375 1427.4655 1225.6357 1528.9796000000001 1222.7492 1534.3563 1411.8395 1432.8421 1414.7259
P0876 0.0662 506.9297 716.1558 553.7601 702.6667 567.1542 749.1672 520.3239 762.6563
P0640 0.1275 19.6659 849.0355 230.3462 828.7998 249.8121 1031.4650000000001 39.1318 1051.7006999999999
P0773 0.0897 622.8434 552.9927 865.6201 545.067 873.3892000000001 783.0493 630.6126 790.975
P0773 0.0884 218.7467 276.3998 386.3163 220.2406 482.4749 507.162 314.9053 563.3212
P2195 0.7488 87.4541 1748.8922 233.3848 1755.8315 223.5902 1961.8069 77.6595 1954.8676
P2195 0.7046 492.3295 1497.6957 772.9002 1391.6223 891.6135 1705.6259 611.0428 1811.6994
P2195 0.2672 952.6102 1104.5158000000001 1177.9171000000001 1026.9276 1274.9247 1308.6258 1049.6178 1386.214
P2195 0.2518 1042.58 1422.6895 1304.2936 1504.2732 1210.2282 1806.0266000000001 948.5146 1724.4429
P2195 0.1212 1075.1273999999999 739.9324 1168.9 731.7729 1177.5403000000001 831.072 1083.7678 839.2314
P2195 0.1077 100.7563 332.5107 378.9388 344.1635 363.7022 707.8998 85.5197 696.247
P2195 0.1048 974.3426 1459.5881 1020.3432 1459.0887 1021.3531 1552.0971 975.3525 1552.5966
P2195 0.0992 749.392 1214.6946 851.3559 1210.3690000000001 855.9385 1318.3896 753.9746 1322.7152
P2195 0.0755 64.5328 883.6535 323.6356 862.1087 348.1949 1157.4656 89.0921 1179.0104000000001
P2195 0.0626 746.8884 1455.3878 856.7765999999999 1458.0491 854.1028 1568.4526 744.2146 1565.7912999999999
P1873 0.2018 1983.5545 442.0323 2035.7391 468.1215 2004.6161 530.3749 1952.4315000000001 504.2857
P1873 0.0571 960.2391 1537.7916 994.5643 1505.4339 1026.279 1539.0771 991.9538 1571.4348
P1263 0.0733 2556.4599 3472.392 2657.9918 3515.3439 2640.7708000000002 3556.0516 2539.239 3513.0996999999998
P2223 0.271 429.1129 1097.0223999999998 539.2466 1095.6125 540.6972 1208.9316 430.5635 1210.3414
P2223 0.1734 525.6036 1076.3688 776.9492 1111.2929 747.468 1323.4661999999998 496.1224 1288.5421000000001
P2223 0.0913 125.4102 595.7516 230.441 595.2149999999999 230.9334 691.6064 125.9026 692.143
P2223 0.0772 76.2504 340.7773 220.3063 338.623 221.8334 440.7366 77.7775 442.891
P2223 0.0585 396.337 343.5382 534.8701 342.0628 536.0064 448.76800000000003 397.4733 450.2433
P1183 0.2127 154.2338 3470.0033 588.4646 3328.9211999999998 780.683 3920.5425999999998 346.4522 4061.6246
P1183 0.1114 538.5262 1988.5681 1021.1913 2328.3824 674.4243 2820.923 191.7592 2481.1086999999998
P1183 0.1001 891.8741 1931.0382 1381.3787 1576.628 1723.3546000000001 2048.9588 1233.8501 2403.369
P1183 0.0544 911.4253 3156.1396 1390.0978 3225.6251 1319.7251 3710.4091 841.0526 3640.9236
P2338 0.0819 564.0001 2362.6479 638.4531 2367.7966 630.2133 2486.9474 555.7603 2481.7987000000003
P2338 0.0595 2952.4201 2452.8286 2993.8682 2451.2369 2995.6489 2497.6068999999998 2954.2007 2499.1986
P2338 0.0551 3688.0242 2787.1202 3834.6365 2771.4039000000002 3851.1534 2925.484 3704.5411 2941.2003999999997
P0545 0.0589 750.0006000000001 257.3017 828.6079 293.4987 780.5631000000001 397.8354 701.9558 361.6383
P2272 0.2039 510.5612 744.2936 574.3763 748.2211 566.2186 880.7692 502.4035 876.8417
P2272 0.1199 3209.7946 605.2488 3225.3008 597.2596 3243.9736000000003 633.5015 3228.4674 641.4907
P2272 0.0736 2766.7119000000002 255.3241 2832.9184 263.2804 2824.3222 334.811 2758.1157 326.8546
P2272 0.06 125.8835 963.0665 137.1717 973.3114 119.0889 993.2356 107.8007 982.9907000000001
P2272 0.0507 1042.0049 1437.9987 1081.1612 1437.6081 1081.591 1480.6992 1042.4347 1481.0898
P2463 0.0947 1252.6608 93.0465 1657.3252 113.5512 1646.3674 329.8055 1241.703 309.3009
P2463 0.0624 956.3676 1820.4169000000002 981.1835 1834.7753 969.7032 1854.6168 944.8873 1840.2584000000002
P2341 0.1631 1467.7431000000001 1462.3611 1495.9305 1462.6313 1495.4216000000001 1515.7240000000002 1467.2341999999999 1515.4538
P2341 0.1198 570.9725 251.1031 669.2652 317.1651 639.2525 361.8206 540.9598 295.7586
P2341 0.0865 888.5722 248.3026 914.6292 226.0764 929.7807 243.8394 903.7238 266.0656
P1348 0.3798 3651.8932 3102.8017 3702.6484 3077.148 3745.9782999999998 3162.8753 3695.2232 3188.529
P1348 0.0687 87.1001 2877.747 164.6623 2870.6096 169.4774 2922.9362 91.9153 2930.0736
P1348 0.0673 3047.0479 2494.3068 3139.3826 2471.6601 3167.6927 2587.0857 3075.358 2609.7324
P1348 0.0645 738.0402 3273.0252 821.0972 3259.0565 830.1168 3312.6869 747.0598 3326.6555
P1348 0.0601 1978.1848 3789.4144 2093.4137 3765.5984 2125.453 3920.6139 2010.2241 3944.4299
P1862 0.6862 1793.9221 164.3581 2344.1253 140.931 2365.782 649.5561 1815.5788 672.9832
P1862 0.3234 1712.1051 2296.9091 2011.5979 2350.8146 1949.5385 2695.6096 1650.0457 2641.7042
P1862 0.3097 1778.5877 1327.4845 2137.4569 1383.9074 2088.1687 1697.3975 1729.2995 1640.9747
P1862 0.2682 1649.7564 1895.2171 2065.1648999999998 1741.3672 2233.2916999999998 2195.3244999999997 1817.8832 2349.1745
P1862 0.2095 1005.704 2525.6784 1535.1902 2494.7081 1557.1348 2869.8863 1027.6486 2900.8566
P1862 0.1607 1728.7838 1664.4108 2063.8606 1740.9764 2023.2591 1918.6624 1688.1823 1842.0968
P1862 0.1553 2100.9619000000002 2582.145 2644.3063 2592.0796 2633.9645 3157.6928 2090.6201 3147.7582
P1862 0.1478 1248.1698999999999 2148.8229 1584.0899 2180.785 1554.2060000000001 2494.8633 1218.2859 2462.9011
P1862 0.13 2026.7705 1646.9819 2230.1335 1668.9693 2199.4454 1952.8063 1996.0824 1930.8189
P1862 0.1275 220.9422 1755.4656 466.7747 1742.4226 475.0112 1897.6623 229.1787 1910.7054
P1862 0.0822 1450.8757 1929.346 1544.5167000000001 1860.9782 1617.7672 1961.3068 1524.1263 2029.6746
P1862 0.0796 193.7976 1896.3066 458.0789 1955.1852 428.6905 2087.0974 164.4092 2028.2188
P1862 0.0722 875.6188999999999 2004.5297 1041.1615 2051.6259 959.8609 2337.397 794.3183 2290.3009
P1862 0.0636 1068.0106 2058.0531 1324.3512 2140.8112 1215.8288 2476.956 959.4882 2394.198
P1862 0.0607 2123.3226 3105.8113 2465.1754 3174.1639 2431.825 3340.9598 2089.9722 3272.6072
P1862 0.0515 495.7512 2168.2718 631.2894 2210.8484 551.115 2466.0749 415.5768 2423.4983
P1176 0.1078 4451.5946 1553.3849 4497.0997 1541.7486 4509.6805 1590.9472 4464.1754 1602.5836
P2161 0.2565 1322.2799 1175.7216 1490.8689 1212.6734999999999 1428.9171999999999 1495.3211999999999 1260.3282 1458.3692999999998
P2161 0.0532 1236.7454 886.4508 1417.2892000000002 882.0918 1424.2115 1168.8066 1243.6676 1173.1656
P0165 0.1187 2551.3837 685.0666 2703.3033 672.467 2717.705 846.1157 2565.7853 858.7152
P0165 0.1074 2216.8947 2412.5577 2392.7307 2396.5032 2415.4076999999997 2644.8715 2239.5717 2660.926
P0165 0.0958 1903.3557 1395.2819 2025.5741 1379.1686 2055.0387 1602.6563 1932.8202999999999 1618.7696
P0165 0.0802 2135.1868 819.7183 2201.4096 825.9377 2191.4800999999998 931.6652 2125.2573 925.4458
P2540 0.9088 746.2819 1288.8437 831.1303 1301.2408 814.4349 1415.5073 729.5865 1403.1100999999999
P2540 0.3278 909.2135 1090.5705 1003.2173 1084.6194 1013.8820000000001 1253.0791 919.8782 1259.0302
P2540 0.0805 1017.2459 1186.5667 1036.8059 1184.9836 1040.4297 1229.7559999999999 1020.8697 1231.3391
P2448 0.2678 397.2496 1342.2648 492.5041 1410.7942 389.6075 1553.8184999999999 294.353 1485.2892000000002
P1126 0.074 6644.3376 1653.9999 6820.5836 1627.2193 6855.5081 1857.0612 6679.2621 1883.8419
P1592 0.2032 2550.5412 5.6178 2682.0015 4.0326 2682.8641 75.5733 2551.4038 77.1585
P0506 0.8923 883.5363 1212.0974 1423.9094 1243.1769 1395.1066 1743.9652 854.7335 1712.8857
P0506 0.0587 1242.3024 323.4672 1731.1725000000001 455.0264 1601.9959 935.043 1113.1258 803.4839
P1400 0.0893 4824.9855 1438.876 5057.08 1491.2368000000001 5000.8702 1740.3921 4768.7757 1688.0312
P1400 0.0638 5735.2538 2056.2594 5833.3855 2017.0529000000001 5878.7541 2130.6082 5780.6223 2169.8146
P1520 0.0788 2409.7960000000003 1370.6879 2458.0126 1407.6833000000001 2402.0377 1480.6361000000002 2353.821 1443.6407
P2573 0.8053 994.9009 745.2085999999999 1416.1777 882.3618 1315.9323 1190.2735 894.6555 1053.1203
P2573 0.7615 904.0193 412.9394 1333.9187 503.9149 1265.8416 825.6091 835.9422 734.6335
P2573 0.126 1614.9143 92.8895 1981.0968 35.8102 2087.1793 716.3655 1720.9969 773.4448
P2573 0.0689 9.2337 69.8001 459.7535 41.7883 494.6381 602.8448 44.1183 630.8566
P1635 0.0848 429.6271 525.5496 630.2817 521.863 633.7086 708.3829 433.054 712.0695
P1635 0.051 1490.3508000000002 3936.7003999999997 1545.6145999999999 3914.2814 1570.1021 3974.6439 1514.8383 3997.063
P1310 0.0929 2817.8126 2727.6202 3179.0413 2572.4877 3402.4696 3092.7444 3041.2409 3247.8769
P2773 0.4488 2215.4645 2966.7016 2238.2943 2952.747 2256.2054 2982.0495 2233.3757 2996.0042
P2773 0.1356 2218.4199 3388.5938 2275.4634 3364.9521999999997 2296.0646 3414.6599 2239.0211 3438.3015
P2773 0.13 2202.5062 1668.6866 2223.2282999999998 1663.9791 2230.7327999999998 1697.0136 2210.0107 1701.7211
P2773 0.0881 2296.0836 3360.4101 2336.0891 3349.1702 2352.9028 3409.0148 2312.8973 3420.2547
P2773 0.0562 1784.721 1015.5237 1829.591 1004.836 1848.5054 1084.2442 1803.6354000000001 1094.9319
P1624 0.153 3244.7314 1951.7684 3287.0548 1988.9758 3229.8853 2054.006 3187.5619 2016.7986
P2273 0.1775 1255.9261999999999 693.8263 1269.4959 688.7611 1279.8688 716.55 1266.2991 721.6152
P2273 0.0762 1328.4713000000002 935.928 1341.2188999999998 939.4802 1334.8316 962.4024 1322.0839 958.8502
P1857 0.8861 1723.9237 1828.962 1929.3701999999998 1900.1133 1812.1794 2238.4969 1606.7329 2167.3456
P1857 0.7298 617.0487 296.585 828.5234 304.3943 815.286 662.8599 603.8113 655.0506
P1857 0.439 1592.6669000000002 2175.8493 1859.7784000000001 2230.4251 1769.9922000000001 2669.8679 1502.8806 2615.2921
P1857 0.2417 1150.571 1847.1261 1408.685 1844.4211 1413.0385999999999 2259.8478 1154.9246 2262.5527
P1857 0.1207 568.9244 860.4425 861.7379 849.513 871.6622 1115.3975 578.8488 1126.327
P1857 0.1178 455.32 262.6034 624.192 279.4555 589.2673 629.428 420.3955 612.5759
P1857 0.07 1029.9547 436.4128 1243.5547000000001 471.4585 1208.4381 685.4902 994.8381 650.4444
P1857 0.069 76.155 1992.0296 681.2949 1934.6327 745.0869 2607.1967 139.9469 2664.5936
P1324 0.104 1643.7495 3258.6803 1695.6523 3254.7207 1706.2915 3394.1814 1654.3887 3398.141
P2586 0.7365 113.6998 1870.676 393.224 1871.3593 392.1504 2310.5351 112.6262 2309.8518
P2586 0.6639 837.7109 1858.9298 1249.3881999999999 1704.5117 1336.9652999999998 1937.9916 925.2881 2092.4097
P2586 0.595 1886.6453999999999 741.0771 2136.015 812.8865 2069.6942 1043.1962 1820.3246 971.3868
P2586 0.5892 1882.5027 232.206 2340.4975 388.7424 2268.1804 600.3281 1810.1856 443.7917
P2586 0.1567 1562.3069 397.2452 1763.6842 481.6389 1640.2098 776.2694 1438.8325 691.8758
P2586 0.061 382.2446 572.0197 668.481 571.9577 668.5299 797.9871 382.2935 798.049
P2586 0.0597 697.3602 587.8187 898.3553 599.1479 885.2434 831.7699 684.2483 820.4407
P2586 0.0546 405.8294 164.6842 870.2063 162.6862 871.8441 543.3449 407.4672 545.3429
P1045 0.1443 179.0271 513.4086 348.6817 509.4845 353.7952 730.5631000000001 184.1406 734.4872
P1045 0.0515 309.9235 338.0335 380.687 340.1386 377.9519 432.077 307.1884 429.97180000000003
P1527 0.0818 3754.759 3109.6584 3852.1483 3064.5841 3898.55 3164.8417 3801.1608 3209.916
P1304 0.0785 189.1031 3142.9509 234.1256 3101.8915 322.9596 3199.2996 277.9371 3240.3591
P1461 0.8545 1249.9893 815.2849 1766.5898 853.5303 1709.3634 1626.5167999999999 1192.7628 1588.2714
P1461 0.3003 4934.3952 3744.735 5129.62 3713.8737 5205.4146 4193.3405 5010.1898 4224.2018
P1461 0.1084 1650.701 844.0082 1745.3808 847.2128 1739.174 1030.5917 1644.4943 1027.3871
P1461 0.0657 5351.8774 3705.7002 5454.482 3698.9934 5466.1336 3877.2456 5363.529 3883.9525
P1461 0.0627 5647.0786 3647.6244 5792.9171 3649.9969 5789.2004 3878.4584 5643.3619 3876.0858
P1461 0.0613 4890.7604 4114.9866 5053.1742 4118.3012 5050.2214 4262.99 4887.8076 4259.6754
P1461 0.0608 563.0973 819.0715 678.9716 828.7035 663.0203 1020.5989999999999 547.1459 1010.967
P1461 0.0516 5651.9056 3970.9961 5794.7628 3979.4687 5781.4147 4204.5315 5638.5576 4196.0589
P0090 0.1749 290.957 441.3643 830.4252 395.0548 878.1694 951.2355 338.7011 997.545
P1629 0.2274 1674.7621 1287.1713 1746.6636 1350.7421 1713.523 1388.2257 1641.6215 1324.6549
P1629 0.1584 1378.1905000000002 74.1767 1424.5726 104.0393 1373.4886000000001 183.3823 1327.1064000000001 153.5197
P1629 0.0947 1141.838 32.9107 1241.3086 -5.3956 1263.1012 51.1935 1163.6306 89.4998
P1629 0.093 2450.3224 3250.7858 2499.8982 3217.442 2562.7909 3310.9511 2513.2151 3344.295
P1629 0.08 2824.2144 3803.8339 2887.0913 3866.305 2822.4089 3931.4076 2759.532 3868.9365
P1629 0.0747 1982.8515 3108.8429 2048.8005 3054.4556000000002 2093.8741 3109.1111 2027.9251 3163.4984
P1629 0.0672 1324.2256 3714.616 1366.1938 3676.0172000000002 1427.8479 3743.0532 1385.8796 3781.652
P1629 0.0613 1502.3051 2013.666 1555.8692999999998 1975.7026 1610.8361 2053.2575 1557.272 2091.2209
P1629 0.0607 2258.946 2890.2498 2319.5202 2938.3783 2279.6724 2988.5305 2219.0982 2940.402
P1737 0.2274 3030.6464 3583.5026 3079.658 3567.0926 3098.1396 3622.2913 3049.1281 3638.7014
P1737 0.1578 3113.9757 2668.5642 3160.8149 2685.6613 3141.0992 2739.6742 3094.26 2722.577
P1036 0.061 749.4451 1478.9272 799.6422 1436.3109 846.2803 1491.2451 796.0832 1533.8615
P0982 0.0855 1582.8843000000002 103.4567 1786.5244 92.8371 1796.9866 293.4606 1593.3465999999999 304.0803
P1712 0.1303 314.1564 3331.2694 353.1905 3326.202 361.6644 3391.4766 322.6303 3396.5439
P1712 0.1242 1819.8286 2212.6376 1934.1163000000001 2152.6124 2009.0319 2295.2514 1894.7442 2355.2766
P1764 0.0767 2908.6467000000002 4738.5157 3016.7344000000003 4687.0017 3037.9168 4731.447 2929.8291 4782.9611
P1764 0.0631 365.0998 3527.1072 948.8869 3488.9823 988.7438 4099.2885 404.9566 4137.4135
P1764 0.0613 3008.7697 1755.6775 3666.7032 1736.5131 3684.437 2345.3322 3026.5035 2364.4966
P1605 0.0618 3346.4604 3809.6635 3396.1717 3803.1575000000003 3403.3053 3857.6642 3353.5941000000003 3864.1702
P1595 0.3694 297.7714 30.0887 342.3964 -2.5037 398.2469 73.9657 353.6218 106.5581
P1595 0.2146 2364.4545 108.7588 2415.497 76.5452 2481.3943 180.96 2430.3519 213.1735
P1595 0.1953 657.8264 29.3404 774.9094 134.7784 705.4454 211.9143 588.3624 106.4762
P1595 0.0619 2561.3234 1932.1326 2585.3282 1910.3553 2613.7046 1941.6343 2589.6998 1963.4116
P1777 0.0744 1309.7024999999999 738.132 1577.3675 490.5592 1922.9939 864.2355 1655.3289 1111.8083
P2738 0.1868 1477.3214 872.6291 1499.3582000000001 870.1417 1501.6647 890.5752 1479.6279 893.0627
P2738 0.1778 1656.8351 933.2255 1677.725 934.4515 1675.8066 967.1414 1654.9167 965.9155
P2738 0.1565 881.2274 818.8136999999999 904.2011 815.7781 910.0345 859.9264000000001 887.0609 862.962
P2738 0.113 1206.4749 176.7236 1231.6996 171.5912 1241.0858 217.7225 1215.8611 222.8549
P2738 0.1075 1138.2182 984.3904 1151.1709 983.7953 1152.6176 1015.2805 1139.665 1015.8756
P2738 0.1071 769.8402 959.1951 785.576 959.941 784.0737 991.6335 768.3379 990.8876
P2738 0.0985 1225.3877 1049.9738 1239.3588 1060.7422000000001 1218.1466 1088.2631000000001 1204.1755 1077.4947
P1468 0.1255 1733.8506 519.745 1889.3055 512.9363 1909.864 982.3253 1754.409 989.134
P1468 0.1 2685.8633 6687.131 2846.0280000000002 6679.1398 2851.657 6791.9626 2691.4924 6799.9537
P1468 0.0621 425.8743 3014.024 705.9716 2991.181 729.0812 3274.5472 448.9839 3297.3903
P1468 0.0601 3099.0721 2195.7922 3252.3162 2227.752 3199.7497 2479.8038 3046.5056 2447.8441000000003
P1468 0.0598 3666.4674999999997 2629.9534 3774.2916 2629.2228 3775.3192 2780.8832 3667.4951 2781.6138
P1468 0.055 3085.0001 511.2157 3281.9949 514.2014 3276.5019 876.6288 3079.507 873.6431
P1731 0.112 3914.3217 2168.2408 3954.6207 2135.8459 4007.1378 2201.1766 3966.8387000000002 2233.5716
P1731 0.0859 110.9396 2698.8676 159.262 2698.199 160.0762 2757.0515 111.7539 2757.7200000000003
P1731 0.0628 613.2032 369.2585 656.4839 377.2416 647.1315 427.9463 603.8508 419.9632
P1627 0.0737 3855.1534 2988.7956 3928.3654 2977.5707 3942.8379999999997 3071.9648 3869.626 3083.1897
P1627 0.0541 -2.9099 3199.6492 80.9889 3133.1882 113.8877 3174.7189 29.9889 3241.1799
P1952 0.1202 1101.3836000000001 187.0247 1532.193 110.7664 1606.0416 527.9626 1175.2322 604.2209
P2024 0.0751 828.8244 1573.9569000000001 1021.7313 1579.2152999999998 1019.0032 1679.2936 826.0964 1674.0352
P2024 0.0532 821.8093 1984.5714 976.1089 1996.9177 969.6948 2077.0798 815.3951 2064.7336
P0045 0.1214 683.6009 1890.6265 911.0517 1886.1783 915.7584 2126.8448 688.3076 2131.293
P0045 0.0624 627.3845 1511.3809 843.1823 1509.9704000000002 844.7725 1753.2759999999998 628.9747 1754.6865
P0197 0.0612 841.2812 220.2443 989.1432 215.7053 995.8604 434.5224 847.9984 439.0614
P1345 0.1372 3590.2034 3454.7278 3670.3747 3449.1792 3677.5086 3552.256 3597.3373 3557.8047
P2679 0.1976 1971.4601 979.1413 2176.7114 1039.8935999999999 2101.3728 1294.425 1896.1214 1233.6728
P1129 0.0834 1778.5115 1982.2198 2098.4098 2054.6045 1967.7767 2631.9269 1647.8784 2559.5422
P1129 0.0576 1515.5334 3240.0338 1761.2534 3255.7867 1747.5506 3469.5289000000002 1501.8306 3453.7759
P1129 0.057 912.5438 1015.3887 1072.7682 1028.797 1038.8512 1434.0919 878.6268 1420.6835999999998
P2526 0.0971 595.9648 1747.8766 685.2465 1766.7509 648.9201 1938.5868 559.6384 1919.7125
P2526 0.0703 1515.9497000000001 46.0349 1543.1354999999999 49.4272 1538.4097 87.3004 1511.2239 83.9082
P2459 0.1216 423.13 1741.1132 623.2512 1808.5765999999999 544.5465 2042.0438 344.4252 1974.5804
P2459 0.1016 1866.3714 1003.4385 1902.9755 984.4920999999999 1911.4185 1000.8038 1874.8144 1019.7502
P2459 0.085 1400.7714 1494.2923 1592.9642 1503.9951999999998 1581.6812 1727.4847 1389.4884 1717.7817
P2434 0.0848 1012.7447999999999 1737.0172 1105.5863 1757.8833 1091.1677 1822.0376 998.3261 1801.1715
P2535 0.0678 1655.3905 1149.2864 1706.4445 1151.7653 1699.9266 1286.0059 1648.8727 1283.5271
P2386 0.3381 2066.1556 1777.9787999999999 2101.2497 1742.8962000000001 2140.3428 1782.0023 2105.2487 1817.0848
P2386 0.1084 1262.8703 564.1151 1312.9404 572.3558 1301.7822 640.1526 1251.7121 631.9119
P1642 0.0691 832.0293 3446.3206 901.3943 3455.0059 887.1383 3568.862 817.7733 3560.1768
P1642 0.0601 4178.5046999999995 2481.9661 4224.1266 2472.8432 4239.0844 2547.6447 4193.4625 2556.7676
P1701 0.5499 1642.2505999999998 3583.4437 1789.6628 3576.2684 1794.1284 3668.0124 1646.7161999999998 3675.1877
P1655 0.1151 2034.7413000000001 4306.5667 2109.7896 4336.6668 2060.7952999999998 4458.8234 1985.747 4428.7232
P1655 0.0989 3700.149 889.4401 3854.0919 936.7032 3776.1851 1190.4569999999999 3622.2422 1143.194
P1711 0.0862 1354.5751 3097.6809 1432.6495 3171.0205 1317.1315 3293.9963 1239.0571 3220.6567
P1711 0.0631 1443.3561 3183.8244 1633.4380999999998 3302.8197 1575.2473 3395.7733 1385.1653000000001 3276.7780000000002
P2736 0.0946 987.1194 556.4778 1023.4175 556.6048 1023.2202 612.9829 986.9222 612.8559
P2736 0.0892 423.0129 116.122 782.9286 198.6774 659.8344 735.3294 299.9187 652.774
P2736 0.0504 987.088 628.5179 1012.8172 627.5454 1014.1732 663.4229 988.4441 664.3954
P1083 0.0598 1159.5316 1754.5058 1197.9879 1742.6823 1223.2759 1824.9324000000001 1184.8196 1836.7559
P1538 0.0723 2348.2624 2842.5338 2387.7493 2837.1043 2395.7947 2895.6164 2356.3079 2901.0459
P1538 0.071 1712.3469 4147.4909 1737.7411 4123.7663 1765.7393 4153.7349 1740.3451 4177.4595
P1538 0.0662 1675.4324 4217.3202 1702.8556 4190.9898 1730.7753 4220.0681 1703.3522 4246.3986
P1538 0.0657 1966.7899 4056.0131 2007.4137 4061.9244 2001.3867 4103.3434 1960.7629 4097.4321
P1538 0.0639 1912.4947 4028.8086 1946.6142 4040.8109 1933.7345 4077.4248 1899.6149 4065.4224
P1538 0.0598 1662.6658 4079.5857 1699.6067 4089.7752 1688.1576 4131.2828 1651.2167 4121.0933
P1538 0.0595 1724.3182000000002 4383.6912 1771.0148 4390.8659 1763.1393 4442.123 1716.4427 4434.9484
P2666 0.1033 2596.4356 1709.0645 2659.0621 1651.6599 2689.5015 1684.8682 2626.875 1742.2728
P2666 0.0539 2855.6129 1655.5851 2874.5819 1640.299 2897.0753999999997 1668.2119 2878.1063 1683.498
P2238 0.1057 277.1314 152.28640000000001 335.0192 155.3483 330.4343 242.0294 272.5465 238.9675
P1760 0.0594 569.2633 3672.1711 693.278 3592.1357 752.1841 3683.4106 628.1694 3763.446
P1760 0.0559 851.6311 1258.8121 906.3866 1273.9353 893.4313999999999 1320.8413 838.6758 1305.718
P1760 0.0557 1242.7927 1813.5616 1304.9834 1759.4218 1335.2194 1794.1542 1273.0287 1848.2939
P2333 0.0946 1050.7601 439.4974 1136.5623 447.5365 1122.7513 594.9434 1036.9491 586.9043
P2333 0.0894 1285.7876999999999 2495.7255 1777.2727 2328.7114 1963.521 2876.7984 1472.036 3043.8125
P1548 0.0697 1659.7748 3873.1821 1712.9065 3864.6710000000003 1721.8815 3920.6987 1668.7499 3929.2099
P1710 0.052 443.198 2579.3643 612.6239 2616.6437 557.7101 2866.2135 388.2843 2828.9342
P1568 0.1218 471.6751 1226.2125 642.8993 1182.5668 706.6511 1432.6682 535.4269 1476.3138
P1568 0.0592 3807.3392 1798.4988 3859.2416 1785.9178 3871.1265 1834.9485 3819.2241 1847.5295
P1568 0.0564 2561.3725 50.9609 2599.457 74.4659 2573.1929 117.0208 2535.1085000000003 93.5159
P1436 0.1077 1340.6563999999998 4630.706 1428.4650000000001 4625.3701 1433.4279999999999 4707.0425 1345.6195 4712.3785
P1436 0.071 1787.5989 4134.7237 1902.0983 4129.4338 1909.0792000000001 4280.5347 1794.5798 4285.8246
P1436 0.0669 516.7825 3863.1757 714.8146 3917.9204 651.1034 4148.3879 453.0712 4093.6432
P1436 0.0584 1855.1263 1871.483 2026.5165 1878.0635 2020.2247 2041.937 1848.8344 2035.3566
P1436 0.0576 504.9504 3069.0142 631.452 3080.4613 610.2713 3314.5276 483.7697 3303.0804
P1436 0.0564 1380.2784000000001 2775.9315 1477.9774 2812.5269 1436.5139 2923.2221 1338.815 2886.6267
P1870 0.1626 5351.3105 891.9755 5377.4404 878.663 5394.0114 911.1887 5367.8815 924.5012
P1870 0.1367 5277.0079 727.3994 5304.4536 717.4423 5315.455 747.7664 5288.0093 757.7235
P1870 0.0526 5257.1037 900.4590000000001 5303.3523000000005 877.259 5327.1043 924.608 5280.8557 947.808
P2120 0.0588 975.3952 894.5829 1001.9493 900.4231 993.0402 940.9312 966.4861 935.0911
P0399 0.1619 41.0383 1008.9453 282.851 958.7513 348.948 1277.1774 107.1352 1327.3714
P0114 0.0506 335.7776 589.3892 448.1564 511.57 610.0849 745.4109 497.7061 823.2302
P2588 0.0797 909.6273 367.5865 1030.7559999999999 473.692 856.517 672.601 735.3883000000001 566.4954
P2588 0.058 497.3214 454.0498 576.6951 517.8498 547.5406 554.1208 468.167 490.3208
P2588 0.0522 723.2796000000001 157.4724 816.8781 236.9756 647.0497 436.9133 553.4512 357.41
P2649 0.5831 130.4525 510.2577 760.0199 490.8246 786.8838 1361.1209 157.3163 1380.5540999999998
P2649 0.1179 863.8085 728.815 1024.5577 720.8151 1036.9278 969.378 876.1786 977.3779
P2649 0.0741 885.9138 964.8719 1134.4323 969.6999000000001 1129.3731 1230.1216 880.8546 1225.2937
P2102 0.0648 483.0093 199.8718 793.9171 437.9115 377.0739 982.3574 66.1662 744.3176
P0880 0.7208 1272.5782 1163.8729 1765.2136 1187.1517 1742.6734999999999 1664.1536999999998 1250.0381 1640.8749
P0880 0.0712 536.0286 402.039 682.2264 406.3113 675.407 639.6747 529.2091 635.4025
P0880 0.0652 2081.9519 708.0024 2273.4006 770.449 2191.9248 1020.2377 2000.4760999999999 957.7911
P0880 0.0597 860.6913 1056.4446 1054.8658 1080.1234 997.4022 1551.3455 803.2277 1527.6666
P0880 0.0577 1610.6638 296.8004 1824.3985 304.364 1811.2633 675.5434 1597.5286 667.9798
P0880 0.0519 388.1511 405.7672 540.4887 406.58 539.3405 621.7695 387.0029 620.9567
P1396 0.1088 2448.2572 513.5787 2652.4902 522.2206 2639.8755 820.3437 2435.6425 811.7018
P1396 0.0666 2288.975 927.1461 2437.9821 979.7378 2350.0423 1228.8962000000001 2201.0352000000003 1176.3045
P0694 0.0512 920.1585 658.8646 1160.1508 752.8072 1038.3697 1063.9176 798.3774 969.975
P2439 0.0752 1261.116 1542.0834 1440.4218 1598.2008 1369.4391 1825.0038 1190.1334000000002 1768.8865
P2439 0.0648 1034.144 838.4383 1214.165 896.9285 1142.9326 1116.1675 962.9117 1057.6774
P2439 0.0575 1161.5941 1372.3698 1349.6227 1416.3690000000001 1298.2721000000001 1635.8137 1110.2435 1591.8145
P2170 0.0612 406.3979 703.5383 584.0085 715.8905 570.1403 915.3007 392.5297 902.9485
P2806 0.6631 646.8723 320.7091 1114.1087 393.6742 1001.1011 1117.3256 533.8647 1044.3605
P2806 0.4296 483.363 1152.1747 771.7972 1171.1954 761.131 1332.9392 472.6969 1313.9185
P2806 0.3142 360.1132 713.2309 509.5805 722.4887 491.2221 1018.8842 341.7548 1009.6264
P1735 0.2001 477.6837 1258.7205 610.7002 1220.7559999999999 633.7501 1301.5161 500.7336 1339.4805999999999
P1735 0.1987 2647.2809 2312.062 2703.2815 2279.3192 2765.7939 2386.2354 2709.7934 2418.9781000000003
P1735 0.1034 1650.3948 987.1965 1675.0221000000001 967.7608 1694.7839 992.8014000000001 1670.1566 1012.2371
P1735 0.1018 2609.4937 2091.1823 2650.2674 2079.6672 2665.9054 2135.0396 2625.1316 2146.5547
P1735 0.0627 437.1661 1429.6778 482.9998 1423.5383000000002 490.8727 1482.3123 445.039 1488.4518
P0325 0.0785 1132.9407 -1.3384 1665.5205999999998 122.0145 1556.1254 594.3321 1023.5454 470.9792
P0992 0.0572 2160.0486 638.202 2178.7896 628.5623 2194.683 659.4614 2175.942 669.1011
P0369 0.2769 776.5972 115.8413 918.9897 88.5571 969.0652 349.8941 826.6728 377.1783
P0369 0.2258 609.4368 150.7025 758.4069 130.9084 792.6503 388.6234 643.6803 408.4176
P2525 0.6063 2164.7817 1102.7774 2294.6254 985.8756 2355.3103 1053.2788 2225.4667 1170.1805
P2525 0.0665 1242.0034 1590.5973 1413.3234 1596.6469 1405.4164 1820.5679 1234.0964 1814.5183
P1772 0.4305 1938.2029 3839.669 2042.5687 3755.8111 2167.6517 3911.4836999999998 2063.2858 3995.3417
P1772 0.0996 3097.4628000000002 5071.8498 3143.1992 5054.17 3173.2666 5131.9523 3127.5302 5149.6321
P1637 0.217 3035.6948 1975.5877 3073.4617 1999.0513 3041.7173000000003 2050.1471 3003.9503999999997 2026.6835
P1637 0.1288 1205.1157 3035.3514 1262.4571 3012.5081 1300.6601 3108.4049999999997 1243.3186 3131.2484
P1637 0.0914 35.2403 397.6408 121.9816 474.2936 85.6331 515.426 -1.1082 438.7732
P1637 0.0888 477.7735 3941.0569 525.4036 3921.1963 548.9398 3977.6412 501.3097 3997.5018
P1637 0.0807 1812.1749 3391.8532 1909.6206 3347.0298000000003 1961.1218 3458.9929 1863.676 3503.8163
P2202 0.1637 931.3451 310.4072 1017.2369 308.4062 1019.6941 413.8781 933.8022 415.8791
P1503 0.0843 1666.2613999999999 2603.3629 1875.7448 2522.2167 1992.4787999999999 2823.5722 1782.9954 2904.7183
P1723 0.0507 3371.7780000000002 2825.1077999999998 3424.5337 2813.3935 3447.8378000000002 2918.3441000000003 3395.0821 2930.0584
P0997 0.0726 438.1472 6.8647 999.2346 58.2331 947.996 617.9021 386.9086 566.5336
P0196 0.0599 1603.5279 461.8219 1722.4231 459.1771 1726.5963000000002 646.7747 1607.701 649.4196
P2139 0.5643 123.1077 238.6458 308.2842 236.5798 312.9677 656.3436 127.7911 658.4097
P1442 0.8493 208.9826 241.64 459.9219 236.4737 467.2987 594.7841 216.3595 599.9504
P1442 0.7336 669.3716 495.7384 1032.9277 507.2948 1026.033 724.2002 662.4769 712.6439
P1442 0.3398 1032.8939 497.8799 1169.0974999999999 491.2526 1177.8175999999999 670.4678 1041.614 677.095
P1442 0.3042 523.7651 2333.0667 768.7468 2334.7591 765.7198 2772.8995 520.7382 2771.207
P1442 0.1444 86.4538 1212.4796000000001 208.1921 1212.5682 208.0292 1436.3651 86.2909 1436.2765
P1442 0.0656 520.4753 1789.0304 585.47 1791.4384 583.7539 1837.7571 518.7593 1835.3491
P1442 0.0587 374.0987 780.3531 416.7016 781.3517 414.6388 869.3585 372.0359 868.36
P1442 0.0566 437.9503 779.3704 480.7879 781.3519 476.6712 870.3508 433.8336 868.3693
P1813 0.8318 775.5544 1176.077 1063.7167 893.4127 1573.3869 1412.9960999999998 1285.2246 1695.6605
P1813 0.6999 574.8021 1196.0656 1046.6047 1658.0277 757.0596 1953.7406999999998 285.2569 1491.7786
P1549 0.1 256.5556 3916.6389 306.6419 3904.2733 321.0628 3962.6847 270.9764 3975.0503
P1549 0.0548 1202.2901 1037.7735 1639.6631 950.7943 1682.7675 1167.5438 1245.3944000000001 1254.5230000000001
P2556 0.3053 903.2347 1059.2408 1219.3605 833.213 1323.4189000000001 978.7507 1007.2932000000001 1204.7785
P2556 0.1003 822.9368 1138.4581 926.0252 1037.4575 998.5089 1111.4395 895.4205 1212.44
P2556 0.0812 3005.0075 4710.4695 3053.6656000000003 4688.9498 3076.8465 4741.364 3028.1884 4762.8837
P2556 0.0757 390.4965 1320.3684 704.7422 1150.6576 782.6793 1294.9701 468.4336 1464.681
P2556 0.0559 2175.3625 1668.9885 2662.379 2129.6869 2423.6766 2382.0254999999997 1936.6602 1921.3271
P2556 0.0507 562.2155 737.9515 764.7601 696.6932 817.1868 954.0653 614.6423 995.3237
P2774 0.0899 2684.6819 1582.0783999999999 2703.1504999999997 1595.2957000000001 2677.4102000000003 1631.263 2658.9415 1618.0457000000001
P2774 0.0593 833.7381 3265.9769 847.4462 3271.1768 837.4319 3297.5765 823.7239 3292.3765
P2774 0.0541 3142.0042 1922.4686 3167.647 1935.449 3158.9673000000003 1952.5957 3133.3244999999997 1939.6153
P2398 0.413 1374.7058 92.7105 1430.7568 139.8389 1362.1979999999999 221.3777 1306.147 174.2493
P2398 0.1795 1221.1217000000001 168.4617 1301.9470999999999 202.9964 1234.2307 361.4809 1153.4053 326.9462
P1496 0.1343 258.3192 2304.6591 378.8058 2236.2002 463.8993 2385.9634 343.4128 2454.4224
P1496 0.1183 448.8031 1885.5074 827.8389 1947.538 702.1709 2715.4281 323.1351 2653.3975
P1496 0.0928 1005.76 1689.2166 1204.3318 1690.0939 1203.2435 1936.4438 1004.6717 1935.5665
P1496 0.0882 1075.7582 1901.8554 1447.7291 1705.8175 1744.2362 2268.4229 1372.2653 2464.4609
P1496 0.0757 1170.3312 2309.353 1373.9325 2303.4915 1382.7691 2610.4283 1179.1678 2616.2898999999998
P1496 0.0613 1879.9066 1707.8439 2374.9006 1711.9624 2370.5971 2229.1907 1875.6031 2225.0721
P1496 0.061 400.8918 2270.4321 514.45 2181.6666999999998 610.272 2304.2524 496.7138 2393.0178
P1496 0.0507 633.4203 910.9183 852.8074 924.855 831.6384 1258.0926 612.2513 1244.1559
P1197 0.567 684.6388 255.5724 1000.6868 402.1409 928.109 558.6415 612.0609999999999 412.073
P1197 0.5489 605.8731 451.2006 770.9703 517.1800000000001 661.423 791.2949 496.3259 725.3154
P1197 0.4877 326.9835 437.8989 566.7031999999999 622.8715 461.1531 759.6618 221.4333 574.6891
P1197 0.4564 978.709 406.3684 1242.5732 526.6435 1180.3427000000001 663.1672 916.4785 542.8922
P1124 0.0694 3235.6964 2482.3258 3373.7659 2473.1302 3383.244 2615.4406 3245.1744 2624.6363
P0675 0.0589 199.0442 173.9808 467.5013 133.8096 499.0066 344.35450000000003 230.5495 384.5256
P0877 0.1355 614.3509 1357.2717 927.8557 1363.885 922.0786 1637.7485000000001 608.5738 1631.1353
P0877 0.084 668.7481 359.296 1116.8029000000001 497.7817 929.4504 1103.939 481.3958 965.4532
P0877 0.0646 266.892 609.7056 425.1023 574.4862 474.3174 795.5671 316.10699999999997 830.7865
P1572 0.1213 2749.2775 2241.8205 2817.6369 2223.9587 2845.9023 2332.134 2777.5428 2349.9958
P1572 0.0687 1898.5335 1024.3176 2005.3705 935.7902 2120.0512 1074.1895 2013.2142 1162.717
P1564 0.096 120.388 1725.3043 230.5514 1683.0656 308.2985 1885.839 198.1351 1928.0778
P0462 0.0673 351.2881 790.041 588.2428 788.0827 589.4394 932.8757 352.4847 934.8339
P0462 0.0547 258.0726 538.0145 672.9329 514.9201 684.772 727.5931 269.9116 750.6874
P0017 0.1601 132.469 4530.63 298.4604 4510.6853 313.4416 4635.3668 147.4501 4655.3115
P2431 0.0789 541.7354 1001.0357 638.5886 997.2846999999999 645.0547 1164.2438 548.2015 1167.9948
P2431 0.0512 1151.5586 861.5979 1163.3747 856.7266 1170.2472 873.3972 1158.4311 878.2685
P0115 0.0936 238.4206 909.6393 430.4274 1099.7350999999999 180.6299 1352.0439000000001 -11.3769 1161.9481
P2361 0.1021 146.9422 421.7096 186.2424 383.248 260.6673 459.2957 221.3671 497.7572
P2361 0.0737 587.7279 1866.018 614.5811 1890.2350000000001 574.5022 1934.6767 547.649 1910.4596999999999
P2737 0.4184 1684.3101 2238.4973 1708.7437 2239.2535 1707.814 2269.2922 1683.3803 2268.5359
P2737 0.3103 2572.2066 1836.5143 2620.3878999999997 1838.2105999999999 2618.7559 1884.5631 2570.5746 1882.8668
P2737 0.1975 2603.8036 2363.1711999999998 2640.6401 2339.2406 2658.2094 2366.2851 2621.3729 2390.2156999999997
P2737 0.1748 1253.9857 646.8178 1281.2557 641.7252 1286.6118999999999 670.4068 1259.3419 675.4994
P2737 0.1362 954.1785 580.4597 1030.3013 528.4302 1124.7688 666.6431 1048.646 718.6725
P2737 0.1247 3155.6733 2599.0932000000003 3171.1755000000003 2595.6794 3177.7617 2625.5873 3162.2595 2629.0012
P2737 0.1054 828.0322 1261.5511000000001 846.6159 1254.3813 857.1249 1281.62 838.5412 1288.7898
P2737 0.061 2007.3568 2533.6383 2066.8831 2565.7690000000002 2015.0731 2661.7538999999997 1955.5468 2629.6232
P1694 0.1078 1602.8051 503.9096 1652.4203 498.51 1658.7381 556.5624 1609.1228999999998 561.9621
P1694 0.0842 713.0756 923.3442 763.5643 913.903 773.5229 967.158 723.0342 976.5992
P1694 0.0504 2265.127 3084.6053 2655.7548 3052.7649 2697.7736 3568.2643 2307.1458000000002 3600.1047
P1694 0.0503 1519.8315 2480.816 1645.4186 2475.2251 1648.6909 2548.7322 1523.1039 2554.323
P1936 0.0568 246.4508 109.257 577.1188 45.7164 729.0148 836.1891 398.3468 899.7298
P1417 0.0558 2793.0512 2494.2537 3391.5289000000002 2569.9217 3317.1486999999997 3158.2138999999997 2718.671 3082.5458
P2340 0.1352 544.9762 1851.4713000000002 577.9583 1880.3184999999999 567.1367 1892.6913 534.1546 1863.8441
P2340 0.0815 1563.0621 427.2802 1593.3705 454.379 1577.1246 472.5491 1546.8162 445.4503
P2340 0.0678 660.0609 725.7846 677.7506 731.4025 666.4355 767.0316 648.7458 761.4136
P2340 0.0554 684.8961 731.7636 720.5089 742.7441 702.6386 800.7023 667.0258 789.7219
P1993 0.1535 1871.5511000000001 738.1583 1950.4891 746.8152 1940.9773 833.5494 1862.0393 824.8924999999999
P0788 0.0805 2013.8411999999998 211.9912 2142.015 214.1838 2137.6068 471.8792 2009.433 469.6867
P1677 0.4017 1253.3496 3731.8113 1429.7817 3694.6135 1447.1201999999998 3776.8514 1270.6881 3814.0492
P1677 0.1545 2080.2505 463.6918 2132.0899 423.1393 2193.8834 502.1317 2142.0441 542.6841
P1677 0.056 3722.2141 3163.193 3912.8136 3155.2525 3916.4362 3242.2088 3725.8367 3250.1493
P1677 0.0504 882.4924 2203.3093 1029.928 2213.7222 1018.8595 2370.4396 871.4239 2360.0267
P1175 0.0584 1436.2137 3294.0963 1527.3351 3374.271 1412.3057 3505.0059 1321.1843 3424.8311
P2537 0.0955 2240.3201 726.6738 2305.9846 735.0997 2292.8833 837.1993 2227.2188 828.7733
P1657 0.1034 3540.4894 3398.9289 3629.2906000000003 3330.7249 3705.5967 3430.0749 3616.7955 3498.2789
P1657 0.0824 2515.3362 3097.8029 2666.1275 2986.3192 2736.716 3081.7961 2585.9247 3193.2798000000003
P1657 0.0786 3392.3263 3740.6418 3435.5562 3713.6299 3466.2061 3762.682 3422.9762 3789.6939
P1657 0.0719 3348.2669 3263.3511 3495.0709 3296.1077 3455.9421 3471.4700000000003 3309.1381 3438.7134
P1657 0.0719 3160.0948 4848.2097 3218.4839 4852.9673999999995 3208.7206 4972.7861 3150.3315000000002 4968.0283
P1657 0.0702 3537.0365 3187.3805 3656.5533 3306.7947 3587.1237 3376.2839 3467.6068999999998 3256.8697
P1657 0.0661 2245.3617 3119.1569 2313.1867 3089.6646 2354.2489 3184.0975 2286.4239 3213.5897999999997
P1657 0.0634 3311.6404 3122.4398 3421.7895 3040.0286 3509.2242 3156.8923 3399.0753 3239.3034
P2786 0.1045 2349.994 3222.0028 2493.8623 3233.045 2482.8076 3377.0764 2338.9392 3366.0342
P2786 0.0584 2243.1194 859.0579 2450.4476 830.7641 2484.7605 1082.1984 2277.4323 1110.4922000000001
P1125 0.1407 6850.1672 2395.0637 7089.4062 2419.5056 7066.3279 2645.3968999999997 6827.089 2620.955
P1125 0.0865 4398.1131 3571.8036 4513.0911 3555.8618 4529.7666 3676.1307 4414.7885 3692.0726
P2402 0.2254 351.2112 -12.2918 498.5504 5.5603 480.1086 157.7667 332.7694 139.9146
P0089 0.1152 2176.0370000000003 2694.9519 2511.5856 2732.7387 2478.7502 3024.3177 2143.2017 2986.5308999999997
P0089 0.0886 1474.4221 940.921 1654.8127 905.633 1705.6186 1165.3501 1525.228 1200.6381999999999
P0089 0.0876 1000.9789000000001 2015.4251 1254.7914 1974.3259 1299.5923 2250.9983 1045.7798 2292.0975
P0089 0.0872 737.7335 2294.6281 930.2247 2264.8193 962.7147 2474.625 770.2235 2504.4338
P0089 0.061 2500.3479 1560.3008 2739.3909 1553.5832 2746.3527 1801.3129 2507.3096 1808.0304999999998
P0089 0.0579 2875.075 454.2744 3439.2307 433.75 3459.184 982.2072 2895.0282 1002.7316
P0089 0.0525 2467.579 2427.4476 2849.6688 2410.9157999999998 2857.1507 2583.8428 2475.0609 2600.3746
P1261 0.055 1247.4998 3877.9746999999998 1294.7339 3871.684 1301.5876 3923.1454 1254.3535 3929.4361
P2336 0.0723 2500.1275 2390.7554 2604.3327 2404.3275 2580.7497 2585.3952 2476.5445 2571.8232
P2347 0.0805 139.3648 214.8116 179.4884 212.8349 181.71 257.9274 141.5864 259.9041
P1301 0.0656 829.087 185.6387 896.9962 176.9245 909.9559 277.9188 842.0467 286.633
P1042 0.0939 786.4713 183.771 978.2696 169.4895 992.5797 361.6725 800.7814 375.9539
P1590 0.691 2681.2317 3673.424 2786.2364 3572.7194 2846.1489 3635.1901 2741.1442 3735.8947
P1590 0.4836 2271.9744 3084.5415 2390.2477 3070.8982 2399.1611000000003 3148.1675999999998 2280.8878 3161.8109
P1590 0.2065 2125.6665 822.9295 2245.0136 812.3893 2250.3648 872.9815 2131.0178 883.5217
P1590 0.1944 2260.8284 3232.7693 2316.8692 3197.8177 2381.5829 3301.5784 2325.5422 3336.5301
P1590 0.1118 694.4694 3220.0154 753.53 3225.8704 741.9039 3343.1443 682.8433 3337.2892
P1590 0.0702 778.1918 3218.8155 824.7231 3227.4159 808.242 3316.5846 761.7107 3307.9842
P1504 0.0943 340.4438 243.1128 585.0778 152.7615 701.9542 469.2144 457.3201 559.5657
P1504 0.081 345.1615 3729.3718 366.6347 3715.615 391.1966 3753.9539 369.7233 3767.7108
P1504 0.0587 889.3723 2855.451 938.1788 2859.9705 932.6278 2919.9155 883.8214 2915.396
P1767 0.0573 458.6295 3073.2604 501.8401 3057.8242 522.8256 3116.5688 479.615 3132.005
P2694 0.9449 2447.5615 1833.121 2571.5505000000003 1873.2186000000002 2510.7986 2061.0748 2386.8096 2020.9772
P2694 0.0762 819.8346 662.4844 1071.2186 589.0795 1169.3211999999999 925.0437 917.9372 998.4486
P1668 0.0524 1783.5933 2975.4567 1837.1215 2981.7754 1833.7446 3010.3826 1780.2164 3004.064
P0669 0.0785 1212.4813 862.6062999999999 1663.1384 878.5255 1648.4225000000001 1295.1174999999998 1197.7654 1279.1983
P2209 0.0682 364.4699 713.3054 416.2897 710.3773 419.7983 772.47 367.9785 775.3981
P2400 0.1048 1106.3546000000001 1696.8795 1163.1588000000002 1682.6934999999999 1187.9331 1781.8964 1131.1289000000002 1796.0823
P2443 0.1008 901.8017 2035.179 1150.597 2257.3977999999997 1045.6516000000001 2374.8943 796.8562 2152.6755000000003
P2443 0.0905 455.4573 981.2359 524.6309 1046.4232 419.5118 1157.9703 350.3383 1092.783
P0155 0.0641 558.794 473.073 706.9906 395.6428 854.9437 678.8159 706.7471 756.2461
P0155 0.0622 876.1852 693.8032 1150.329 687.8687 1156.2184 959.928 882.0747 965.8625
P0585 0.0569 112.2765 838.5363 344.3817 1039.6419 224.5219 1177.9775 -7.5833 976.8719
P2212 0.7711 1086.81 566.3864 1295.3465 576.066 1278.012 949.5181 1069.4755 939.8385
P2212 0.2042 1654.5164 652.154 1701.4514 652.3345 1701.2152999999998 713.7266 1654.2803 713.5461
P2212 0.0725 961.0695 333.8504 1022.6152 334.4152 1021.8912 413.3158 960.3455 412.751
P2212 0.0634 288.1454 331.0079 378.9634 332.5586 377.5365 416.1264 286.7185 414.5757
P2212 0.0601 873.8798 598.6800000000001 982.3279 605.704 962.9945 904.2047 854.5463 897.1807
P0106 0.3081 857.0267 915.8184 1145.0427 947.6376 1119.3728999999998 1179.9911 831.3569 1148.1719
P0774 0.1599 377.657 244.0593 1041.5714 154.2301 1119.8185 732.5423 455.9041 822.3715
P1244 0.0567 3046.6083 2232.7437 3168.0018 2185.8437 3246.8421 2389.9099 3125.4487 2436.8099
P1718 0.1051 -41.8752 1015.5608 134.248 968.8688 225.1175 1311.6305 48.9943 1358.3225
P1106 0.0605 1395.434 457.5463 1616.5858 349.6606 1738.6009 599.7756 1517.4491 707.6614
P2473 0.1834 1164.0941 976.9911999999999 1356.1 933.8441 1400.1852 1130.0241 1208.1793 1173.1712
P2473 0.1094 1807.8079 1490.8636000000001 2131.8439 1480.7858999999999 2138.9606 1709.6186 1814.9247 1719.6961999999999
P2473 0.1083 1463.8528000000001 1854.6811 1749.1832 1803.7834 1796.5343 2069.2321 1511.2039 2120.1298
P2473 0.0818 1841.2631000000001 1762.7179 1997.8112999999998 1748.0955 2021.2264 1998.7784000000001 1864.6781999999998 2013.4009
P2473 0.0574 1347.3836999999999 1532.365 1614.4697 1496.4661999999998 1652.5393 1779.7037 1385.4533000000001 1815.6025
P1536 0.0625 1488.2478 3371.5562 1525.0018 3359.9166999999998 1536.7128 3396.8962 1499.9587000000001 3408.5357
P0148 0.8817 367.2466 195.5594 507.7673 199.498 502.0579 403.1974 361.5372 399.2588
P0148 0.1849 347.7257 486.7748 446.024 487.2939 444.9637 688.0745 346.6654 687.5554
P0148 0.1051 1104.4374 419.7654 1249.0851 519.8082 1109.8057 721.1864 965.158 621.1436
P1422 0.1288 5475.2047 460.8248 5587.7864 511.4472 5523.2809 654.9042 5410.6992 604.2818
P1422 0.0687 5162.6108 192.5707 5280.8776 130.3573 5362.385 285.302 5244.1182 347.5154
P1422 0.0558 5811.8853 1943.388 5951.0224 1844.7368999999999 6029.0916 1954.8454 5889.9546 2053.4965
P2480 0.0605 199.0632 307.3514 217.0248 298.4243 233.5568 331.6873 215.5952 340.6143
P1706 0.1323 1129.984 1493.8401 1292.0430000000001 1500.3585 1281.4646 1763.3555999999999 1119.4056 1756.8372
P1667 0.0596 1100.7105999999999 2641.9667 1297.2438 2629.5818 1310.8733 2845.8651 1114.3401 2858.25
P1648 0.0529 1411.1473 1472.4290999999998 1601.3144 1380.3061 1659.0322999999999 1499.4515999999999 1468.8652 1591.5746
P1671 0.0725 1970.2924 1438.8328000000001 2013.9434999999999 1398.3818 2086.4497 1476.624 2042.7986 1517.075
P1722 0.0591 265.7786 1186.9628 327.0026 1171.8554 345.8199 1248.1143 284.596 1263.2217
P0903 0.0547 316.5032 439.9531 433.0966 446.2122 418.0907 725.7344 301.4974 719.4753
P2276 0.9129 617.5068 320.5932 689.8884 251.9218 728.6977 292.8278 656.316 361.4993
P2276 0.5093 162.5244 310.8826 205.7092 307.0334 211.9282 376.8063 168.7434 380.6555
P2172 0.326 459.0338 964.5435 571.2079 965.2714 570.4822 1077.1118999999999 458.3081 1076.384
P2172 0.2159 607.7841 963.2512 720.1694 957.3786 725.4125 1057.7182 613.0273 1063.5908
P2172 0.0711 322.2083 430.949 356.5856 417.0887 370.0637 450.5179 335.6863 464.3782
P1334 0.1859 1062.1861 2456.9144 1151.554 2430.4921 1188.2060999999999 2554.4604 1098.8381 2580.8826
P1490 0.0618 2692.9636 900.3916 2721.8094 913.9736 2704.8356 950.0231 2675.9897 936.441
P1330 0.1003 4474.0523 2987.2915 4556.9962 2975.886 4574.5537 3103.5678 4491.6098 3114.9734
P2174 0.9456 322.1722 409.9694 451.6515 408.1372 454.5186 610.7589 325.0393 612.5911
P2174 0.8931 472.3969 163.2963 610.7768 166.7989 605.8428 361.7299 467.4628 358.2273
P2174 0.8168 634.7675 175.2369 767.5108 167.42419999999998 773.3021 265.8207 640.5588 273.6335
P2174 0.7731 640.588 279.7211 769.0352 286.4998 764.7373 367.938 636.2902 361.1593
P2174 0.482 466.9606 414.9915 586.7919 414.3018 587.9354 612.9763 468.1041 613.666
P2174 0.3324 770.0643 597.7352 867.8881 602.6456 865.0962 658.2651 767.2725 653.3548
P2174 0.2382 547.8633 735.1259 669.6013 737.0257 666.9887 904.4427 545.2507 902.5429
P2174 0.2343 770.3152 481.4722 885.0419 480.6834 885.8767 602.1119 771.15 602.9006
P2174 0.204 130.5675 433.1721 193.209 434.0181 192.6666 474.1825 130.0251 473.3365
P2174 0.1156 874.1102 590.9803999999999 918.6851 593.3555 915.0308 661.9366 870.4559 659.5616
P2345 0.0716 1308.6889999999999 866.0498 1382.9913999999999 882.2699 1367.3179 954.0677000000001 1293.0156 937.8476
P1664 0.3077 1346.8008 3781.1821 1415.6161 3848.3809 1301.8001 3964.9351 1232.9847 3897.7363
P1664 0.2225 1410.9764 3923.7668 1474.3029000000001 3868.8665 1565.7863 3974.3908 1502.4598 4029.2911
P1290 0.1091 1992.4167 2825.4814 2092.6786 2901.7776 2052.6166 2954.4236 1952.3546999999999 2878.1274
P1290 0.0882 1565.6599999999999 2433.0621 1743.5239000000001 2282.6556 1911.6056 2481.4213 1733.7415999999998 2631.8278
P1172 0.0685 3083.7659 4490.3195 3256.1167 4491.7925 3253.532 4794.2219000000005 3081.1813 4792.749
P1093 0.0614 462.0268 302.928 527.27 318.0355 505.7184 411.1079 440.4752 396.0003
P2263 0.0523 522.6459 428.1277 572.6993 475.8433 541.7905 508.2664 491.7371 460.5508
P1567 0.0824 1351.9735 3866.4893 1399.637 3891.7349 1373.5465 3940.9933 1325.8831 3915.7477
P1567 0.0808 1287.6558 2038.9796999999999 1351.0497 1991.2395999999999 1414.0901 2074.9507 1350.6961000000001 2122.6908
P2410 0.1711 275.0843 373.1621 438.5814 373.2854 438.3529 676.2974 274.8557 676.1741
P2410 0.0533 473.346 540.4067 497.0286 541.1576 495.554 587.6653 471.8714 586.9144
P2772 0.0673 2724.2457 1594.2428 2898.169 1565.4598999999998 2936.367 1796.2744 2762.4436 1825.0573
P2383 0.3197 413.1643 359.9468 490.3942 286.2165 532.9988 330.8434 455.769 404.5737
P2383 0.2651 140.9209 256.8689 174.3408 285.8634 155.061 308.0858 121.6411 279.0913
P2412 0.0508 1647.6206 273.3868 1677.0267 266.5108 1689.3474 319.202 1659.9413 326.078
P1271 0.2272 2803.5016 363.8375 2959.3066 386.4879 2938.6243 528.7553 2782.8192 506.1049
P2511 0.0747 739.7552 2368.2759 862.9833 2258.7794 918.6337 2321.4085999999998 795.4056 2430.9051
P2524 0.1259 569.645 1217.5108 637.6252 1210.7549 647.7817 1312.9528 579.8016 1319.7087000000001
P2581 0.0619 221.5184 962.6801 263.5884 955.4349 274.7599 1020.3036 232.6899 1027.5488
P1523 0.0579 2674.4243 1617.8584 3114.3511 1700.7758 3037.5777 2108.1050999999998 2597.6508 2025.1877
P2441 0.3289 234.6707 1938.6544 569.27 1932.3383 573.5229 2157.6384 238.9235 2163.9544
P0663 0.0516 1147.483 552.7065 1442.0463 516.7174 1476.3082 797.1442 1181.745 833.1333
P0156 0.0687 303.5947 464.9777 341.4516 458.6472 348.4712 500.6249 310.6143 506.9554
P1425 0.0713 1685.198 1917.7251 1823.2726 1914.4837 1827.0543 2075.5775 1688.9797 2078.8189
P2440 0.0942 47.3805 1630.7651 163.0457 1597.5167999999999 182.0364 1663.5821999999998 66.3712 1696.8305
P0802 0.0666 71.7714 126.4575 225.0513 136.2238 209.0142 387.9215 55.7344 378.1552
P1145 0.074 1502.8603 1652.8188 1641.0041999999999 1643.3426 1648.3310999999999 1750.1541 1510.1871999999998 1759.6303
P1762 0.0844 1887.9017 1765.7198 2515.495 1713.7297 2538.5981 1992.6176 1911.0049 2044.6077
P1423 0.0691 1653.7021 2308.6829 1767.2912000000001 2305.7385 1771.6323 2473.2064 1658.0432 2476.1508
P1362 0.0675 813.3047 2620.6013 850.8805 2591.1905 919.4374 2678.7803 881.8617 2708.191
P2229 0.0694 350.6369 903.8152 416.209 885.6936 428.0893 928.6817 362.5172 946.8033
P2499 0.0518 247.3968 1136.462 437.3637 1298.6329 324.4702 1430.8763 134.5033 1268.7054
P0031 0.0527 2489.167 1189.7744 2680.6335 1171.9413 2714.2859 1533.2513 2522.8193 1551.0845
P2699 0.069 1263.6245 1675.3779 1479.3621 1720.4084 1404.7146 2078.0394 1188.9769000000001 2033.009
P2493 0.0682 1532.0067 462.5279 1803.3498 455.3346 1809.4665 686.0657 1538.1234 693.259
P0513 0.0558 494.1963 708.4123 699.2387 561.1885 884.0359 818.5606 678.9935 965.7844
P1546 0.1042 415.2268 1017.9962 626.9448 938.4205 737.3617 1232.194 525.6437 1311.7697
P1546 0.0511 136.0676 1038.6828 402.4551 983.6127 450.7623 1217.2866 184.3748 1272.3567
P2391 0.0761 2067.8054 1382.8618999999999 2133.6817 1381.3845000000001 2136.6414 1513.35 2070.7651 1514.8274999999999
P2391 0.0691 2217.1492 1493.9956 2244.7473 1493.9039 2244.8998 1539.7798 2217.3016 1539.8715
P1525 0.07 1338.3015 2017.2260999999999 1414.1853999999998 2003.7619 1428.1826 2082.6496 1352.2986 2096.1138
P1335 0.051 2670.175 2837.7834 2690.0688 2833.8589 2696.3098 2865.4948 2676.4159 2869.4193
P1914 0.0786 39.0119 190.224 179.3415 135.4429 264.3431 353.1864 124.0135 407.9676
P1914 0.0633 100.8034 102.7335 415.7234 -30.1455 581.202 362.0348 266.282 494.9138
P1233 0.0551 417.8216 3010.92 458.301 2971.2862 491.3379 3005.0279 450.8586 3044.6617
P2117 0.0511 75.4398 654.5739 178.6783 627.6527 206.8524 735.6964 103.6139 762.6176
P1769 0.0808 3380.3435 1681.3678 3504.1294 1717.8841 3460.5609 1865.5759 3336.775 1829.0596
